# Part of a Penrose tessellation.
c	0.8	0.4	0.4
t	400	284	418	284	403	273
t	400	284	418	284	403	294
t	400	284	385	273	403	273
t	400	284	385	273	391	290
t	385	273	380	256	394	267
t	412	267	418	284	403	273
t	412	267	418	284	423	267
t	412	267	398	256	403	273
t	412	267	398	256	416	256
t	398	256	380	256	394	267
t	432	273	418	284	423	267
t	438	256	432	273	427	256
t	438	256	432	273	447	263
t	412	301	418	284	423	301
t	412	301	418	284	403	294
t	412	301	418	318	423	301
t	412	301	418	318	403	307
t	418	318	432	329	427	312
t	432	294	418	284	423	301
t	432	294	418	284	436	284
t	432	294	438	312	423	301
t	432	294	438	312	444	294
t	438	312	432	329	427	312
t	432	273	418	284	436	284
t	450	273	432	273	447	284
t	450	273	432	273	447	263
t	418	318	432	329	414	329
t	400	318	418	318	403	329
t	400	318	418	318	403	307
t	418	339	432	329	427	346
t	418	339	432	329	414	329
t	418	339	412	356	427	346
t	418	339	412	356	407	339
t	412	356	418	374	423	356
t	380	290	365	301	371	284
t	380	290	365	301	383	301
t	380	290	385	273	371	284
t	380	290	385	273	391	290
t	385	273	380	256	374	273
t	359	284	365	301	371	284
t	359	284	365	301	350	290
t	359	284	365	267	371	284
t	359	284	365	267	350	277
t	365	267	380	256	374	273
t	347	301	365	301	350	290
t	332	290	347	301	341	284
t	332	290	347	301	329	301
t	380	312	365	301	371	318
t	380	312	365	301	383	301
t	380	312	385	329	371	318
t	380	312	385	329	391	312
t	385	329	380	346	374	329
t	359	318	365	301	371	318
t	359	318	365	301	350	312
t	359	318	365	335	371	318
t	359	318	365	335	350	325
t	365	335	380	346	374	329
t	347	301	365	301	350	312
t	332	312	347	301	341	318
t	332	312	347	301	329	301
t	385	329	380	346	394	335
t	400	318	385	329	403	329
t	400	318	385	329	391	312
t	398	346	380	346	394	356
t	398	346	380	346	394	335
t	398	346	412	356	394	356
t	398	346	412	356	407	339
t	412	356	418	374	403	363
t	327	273	332	256	338	273
t	332	290	327	273	341	284
t	332	290	327	273	321	290
t	347	267	332	256	350	256
t	347	267	332	256	338	273
t	347	267	365	267	350	256
t	347	267	365	267	350	277
t	365	267	380	256	362	256
t	312	284	294	284	309	273
t	312	284	294	284	309	294
t	312	284	327	273	309	273
t	312	284	327	273	321	290
t	327	273	332	256	318	267
t	300	267	294	284	309	273
t	300	267	294	284	289	267
t	300	267	314	256	309	273
t	300	267	314	256	296	256
t	314	256	332	256	318	267
t	280	273	294	284	289	267
t	274	256	280	273	285	256
t	274	256	280	273	265	263
t	400	228	418	228	403	239
t	400	228	418	228	403	218
t	400	228	385	239	403	239
t	400	228	385	239	391	222
t	385	239	380	256	394	245
t	412	245	418	228	403	239
t	412	245	418	228	423	245
t	412	245	398	256	403	239
t	412	245	398	256	416	256
t	398	256	380	256	394	245
t	432	239	418	228	423	245
t	438	256	432	239	427	256
t	438	256	432	239	447	249
t	412	211	418	228	423	211
t	412	211	418	228	403	218
t	412	211	418	194	423	211
t	412	211	418	194	403	205
t	418	194	432	183	427	200
t	432	218	418	228	423	211
t	432	218	418	228	436	228
t	432	218	438	200	423	211
t	432	218	438	200	444	218
t	438	200	432	183	427	200
t	432	239	418	228	436	228
t	450	239	432	239	447	228
t	450	239	432	239	447	249
t	418	194	432	183	414	183
t	400	194	418	194	403	183
t	400	194	418	194	403	205
t	418	173	432	183	427	166
t	418	173	432	183	414	183
t	418	173	412	156	427	166
t	418	173	412	156	407	173
t	412	156	418	138	423	156
t	380	222	365	211	371	228
t	380	222	365	211	383	211
t	380	222	385	239	371	228
t	380	222	385	239	391	222
t	385	239	380	256	374	239
t	359	228	365	211	371	228
t	359	228	365	211	350	222
t	359	228	365	245	371	228
t	359	228	365	245	350	235
t	365	245	380	256	374	239
t	347	211	365	211	350	222
t	332	222	347	211	341	228
t	332	222	347	211	329	211
t	380	200	365	211	371	194
t	380	200	365	211	383	211
t	380	200	385	183	371	194
t	380	200	385	183	391	200
t	385	183	380	166	374	183
t	359	194	365	211	371	194
t	359	194	365	211	350	200
t	359	194	365	177	371	194
t	359	194	365	177	350	187
t	365	177	380	166	374	183
t	347	211	365	211	350	200
t	332	200	347	211	341	194
t	332	200	347	211	329	211
t	385	183	380	166	394	177
t	400	194	385	183	403	183
t	400	194	385	183	391	200
t	398	166	380	166	394	156
t	398	166	380	166	394	177
t	398	166	412	156	394	156
t	398	166	412	156	407	173
t	412	156	418	138	403	149
t	327	239	332	256	338	239
t	332	222	327	239	341	228
t	332	222	327	239	321	222
t	347	245	332	256	350	256
t	347	245	332	256	338	239
t	347	245	365	245	350	256
t	347	245	365	245	350	235
t	365	245	380	256	362	256
t	312	228	294	228	309	239
t	312	228	294	228	309	218
t	312	228	327	239	309	239
t	312	228	327	239	321	222
t	327	239	332	256	318	245
t	300	245	294	228	309	239
t	300	245	294	228	289	245
t	300	245	314	256	309	239
t	300	245	314	256	296	256
t	314	256	332	256	318	245
t	280	239	294	228	289	245
t	274	256	280	239	285	256
t	274	256	280	239	265	249
t	274	401	280	418	285	401
t	274	401	280	418	265	408
t	274	401	280	384	285	401
t	274	401	280	384	265	395
t	280	384	294	374	289	391
t	294	408	280	418	285	401
t	294	408	280	418	298	418
t	294	408	300	391	285	401
t	294	408	300	391	305	408
t	300	391	294	374	289	391
t	294	429	280	418	298	418
t	312	429	294	429	309	418
t	312	429	294	429	309	440
t	262	418	280	418	265	429
t	262	418	280	418	265	408
t	262	418	247	429	265	429
t	262	418	247	429	253	412
t	247	429	241	446	256	436
t	274	436	280	418	265	429
t	274	436	280	418	285	436
t	274	436	259	446	265	429
t	274	436	259	446	277	446
t	259	446	241	446	256	436
t	294	429	280	418	285	436
t	300	446	294	429	289	446
t	300	446	294	429	309	440
t	247	429	241	446	236	429
t	241	412	247	429	232	418
t	241	412	247	429	253	412
t	227	436	241	446	223	446
t	227	436	241	446	236	429
t	227	436	209	436	223	446
t	227	436	209	436	223	425
t	209	436	194	446	212	446
t	262	384	247	374	265	374
t	262	384	247	374	253	391
t	262	384	280	384	265	374
t	262	384	280	384	265	395
t	280	384	294	374	276	374
t	262	363	247	374	265	374
t	262	363	247	374	253	356
t	262	363	280	363	265	374
t	262	363	280	363	265	352
t	280	363	294	374	276	374
t	241	356	247	374	253	356
t	247	339	241	356	256	346
t	247	339	241	356	236	339
t	241	391	247	374	232	384
t	241	391	247	374	253	391
t	241	391	227	401	232	384
t	241	391	227	401	245	401
t	227	401	209	401	223	391
t	229	374	247	374	232	384
t	229	374	247	374	232	363
t	229	374	214	384	232	384
t	229	374	214	384	220	367
t	214	384	209	401	223	391
t	241	356	247	374	232	363
t	227	346	241	356	223	356
t	227	346	241	356	236	339
t	227	401	209	401	223	412
t	241	412	227	401	232	418
t	241	412	227	401	245	401
t	214	418	209	401	203	418
t	214	418	209	401	223	412
t	214	418	209	436	203	418
t	214	418	209	436	223	425
t	209	436	194	446	200	429
t	262	329	280	329	265	339
t	247	339	262	329	256	346
t	247	339	262	329	244	329
t	274	346	280	329	285	346
t	274	346	280	329	265	339
t	274	346	280	363	285	346
t	274	346	280	363	265	352
t	280	363	294	374	289	356
t	247	318	241	301	256	312
t	247	318	241	301	236	318
t	247	318	262	329	256	312
t	247	318	262	329	244	329
t	262	329	280	329	265	318
t	259	301	241	301	256	312
t	259	301	241	301	256	290
t	259	301	274	312	256	312
t	259	301	274	312	268	294
t	274	312	280	329	265	318
t	247	284	241	301	256	290
t	262	273	247	284	265	284
t	262	273	247	284	253	267
t	327	384	332	401	318	391
t	327	384	332	401	338	384
t	327	384	312	374	318	391
t	327	384	312	374	330	374
t	312	374	294	374	309	384
t	314	401	332	401	318	391
t	314	401	332	401	318	412
t	314	401	300	391	318	391
t	314	401	300	391	305	408
t	300	391	294	374	309	384
t	327	418	332	401	318	412
t	312	429	327	418	309	418
t	312	429	327	418	321	436
t	347	391	332	401	350	401
t	347	391	332	401	338	384
t	347	391	365	391	350	401
t	347	391	365	391	350	380
t	365	391	380	401	362	401
t	347	412	332	401	350	401
t	347	412	332	401	338	418
t	347	412	365	412	350	401
t	347	412	365	412	350	423
t	365	412	380	401	362	401
t	327	418	332	401	338	418
t	332	436	327	418	341	429
t	332	436	327	418	321	436
t	365	391	380	401	374	384
t	359	374	365	391	371	374
t	359	374	365	391	350	380
t	385	384	380	401	394	391
t	385	384	380	401	374	384
t	385	384	400	374	394	391
t	385	384	400	374	382	374
t	400	374	418	374	403	384
t	327	363	332	346	318	356
t	327	363	332	346	338	363
t	327	363	312	374	318	356
t	327	363	312	374	330	374
t	312	374	294	374	309	363
t	314	346	332	346	318	356
t	314	346	332	346	318	335
t	314	346	300	356	318	356
t	314	346	300	356	305	339
t	300	356	294	374	309	363
t	327	329	332	346	318	335
t	312	318	327	329	309	329
t	312	318	327	329	321	312
t	347	356	332	346	350	346
t	347	356	332	346	338	363
t	347	356	365	356	350	346
t	347	356	365	356	350	367
t	365	356	380	346	362	346
t	347	335	332	346	350	346
t	347	335	332	346	338	329
t	347	335	365	335	350	346
t	347	335	365	335	350	325
t	365	335	380	346	362	346
t	327	329	332	346	338	329
t	332	312	327	329	341	318
t	332	312	327	329	321	312
t	365	356	380	346	374	363
t	359	374	365	356	371	374
t	359	374	365	356	350	367
t	385	363	380	346	394	356
t	385	363	380	346	374	363
t	385	363	400	374	394	356
t	385	363	400	374	382	374
t	400	374	418	374	403	363
t	294	318	280	329	298	329
t	312	318	294	318	309	329
t	312	318	294	318	309	307
t	294	339	280	329	285	346
t	294	339	280	329	298	329
t	294	339	300	356	285	346
t	294	339	300	356	305	339
t	300	356	294	374	289	356
t	300	301	294	284	289	301
t	300	301	294	284	309	294
t	300	301	294	318	289	301
t	300	301	294	318	309	307
t	294	318	280	329	285	312
t	280	294	294	284	289	301
t	280	294	294	284	276	284
t	280	294	274	312	289	301
t	280	294	274	312	268	294
t	274	312	280	329	285	312
t	280	273	294	284	276	284
t	262	273	280	273	265	284
t	262	273	280	273	265	263
t	123	318	109	329	127	329
t	123	318	109	329	114	312
t	123	318	141	318	127	329
t	123	318	141	318	127	307
t	141	318	156	329	138	329
t	123	339	109	329	127	329
t	123	339	109	329	114	346
t	123	339	141	339	127	329
t	123	339	141	339	127	350
t	141	339	156	329	138	329
t	103	346	109	329	114	346
t	109	363	103	346	118	356
t	109	363	103	346	98	363
t	103	312	109	329	94	318
t	103	312	109	329	114	312
t	103	312	89	301	94	318
t	103	312	89	301	107	301
t	89	301	71	301	85	312
t	91	329	109	329	94	318
t	91	329	109	329	94	339
t	91	329	76	318	94	318
t	91	329	76	318	82	335
t	76	318	71	301	85	312
t	103	346	109	329	94	339
t	89	356	103	346	85	346
t	89	356	103	346	98	363
t	89	301	71	301	85	290
t	103	290	89	301	94	284
t	103	290	89	301	107	301
t	76	284	71	301	65	284
t	76	284	71	301	85	290
t	76	284	71	267	65	284
t	76	284	71	267	85	277
t	71	267	56	256	62	273
t	136	301	141	284	147	301
t	136	301	141	284	127	294
t	136	301	141	318	147	301
t	136	301	141	318	127	307
t	141	318	156	329	150	312
t	156	294	141	284	147	301
t	156	294	141	284	159	284
t	156	294	162	312	147	301
t	156	294	162	312	167	294
t	162	312	156	329	150	312
t	156	273	141	284	159	284
t	174	273	156	273	171	284
t	174	273	156	273	171	263
t	123	284	141	284	127	273
t	123	284	141	284	127	294
t	123	284	109	273	127	273
t	123	284	109	273	114	290
t	109	273	103	256	118	267
t	136	267	141	284	127	273
t	136	267	141	284	147	267
t	136	267	121	256	127	273
t	136	267	121	256	139	256
t	121	256	103	256	118	267
t	156	273	141	284	147	267
t	162	256	156	273	150	256
t	162	256	156	273	171	263
t	109	273	103	256	98	273
t	103	290	109	273	94	284
t	103	290	109	273	114	290
t	89	267	103	256	85	256
t	89	267	103	256	98	273
t	89	267	71	267	85	256
t	89	267	71	267	85	277
t	71	267	56	256	74	256
t	189	284	194	301	180	290
t	174	273	189	284	171	284
t	174	273	189	284	183	267
t	176	301	194	301	180	312
t	176	301	194	301	180	290
t	176	301	162	312	180	312
t	176	301	162	312	167	294
t	162	312	156	329	171	318
t	194	267	209	256	203	273
t	194	267	209	256	191	256
t	194	267	189	284	203	273
t	194	267	189	284	183	267
t	189	284	194	301	200	284
t	214	273	209	256	203	273
t	214	273	209	256	223	267
t	214	273	209	290	203	273
t	214	273	209	290	223	280
t	209	290	194	301	200	284
t	227	256	209	256	223	267
t	241	267	227	256	232	273
t	241	267	227	256	245	256
t	156	363	141	374	147	356
t	156	363	141	374	159	374
t	156	363	162	346	147	356
t	156	363	162	346	167	363
t	162	346	156	329	150	346
t	136	356	141	374	147	356
t	136	356	141	374	127	363
t	136	356	141	339	147	356
t	136	356	141	339	127	350
t	141	339	156	329	150	346
t	123	374	141	374	127	363
t	109	363	123	374	118	356
t	109	363	123	374	105	374
t	156	384	141	374	147	391
t	156	384	141	374	159	374
t	156	384	162	401	147	391
t	156	384	162	401	167	384
t	162	401	156	418	150	401
t	136	391	141	374	147	391
t	136	391	141	374	127	384
t	136	391	141	408	147	391
t	136	391	141	408	127	397
t	141	408	156	418	150	401
t	123	374	141	374	127	384
t	109	384	123	374	118	391
t	109	384	123	374	105	374
t	162	401	156	418	171	408
t	176	391	162	401	180	401
t	176	391	162	401	167	384
t	174	418	156	418	171	429
t	174	418	156	418	171	408
t	174	418	189	429	171	429
t	174	418	189	429	183	412
t	189	429	194	446	180	436
t	176	356	194	356	180	346
t	176	356	194	356	180	367
t	176	356	162	346	180	346
t	176	356	162	346	167	363
t	162	346	156	329	171	339
t	189	339	194	356	180	346
t	189	339	194	356	200	339
t	189	339	174	329	180	346
t	189	339	174	329	192	329
t	174	329	156	329	171	339
t	209	346	194	356	200	339
t	214	329	209	346	203	329
t	214	329	209	346	223	335
t	189	374	194	356	200	374
t	189	374	194	356	180	367
t	189	374	194	391	200	374
t	189	374	194	391	180	380
t	194	391	209	401	203	384
t	209	367	194	356	200	374
t	209	367	194	356	212	356
t	209	367	214	384	200	374
t	209	367	214	384	220	367
t	214	384	209	401	203	384
t	209	346	194	356	212	356
t	227	346	209	346	223	356
t	227	346	209	346	223	335
t	194	391	209	401	191	401
t	176	391	194	391	180	401
t	176	391	194	391	180	380
t	194	412	209	401	203	418
t	194	412	209	401	191	401
t	194	412	189	429	203	418
t	194	412	189	429	183	412
t	189	429	194	446	200	429
t	209	312	194	301	200	318
t	214	329	209	312	203	329
t	214	329	209	312	223	322
t	189	318	194	301	180	312
t	189	318	194	301	200	318
t	189	318	174	329	180	312
t	189	318	174	329	192	329
t	174	329	156	329	171	318
t	227	312	241	301	223	301
t	227	312	241	301	236	318
t	227	312	209	312	223	301
t	227	312	209	312	223	322
t	209	312	194	301	212	301
t	227	290	241	301	223	301
t	227	290	241	301	236	284
t	227	290	209	290	223	301
t	227	290	209	290	223	280
t	209	290	194	301	212	301
t	247	284	241	301	236	284
t	241	267	247	284	232	273
t	241	267	247	284	253	267
t	156	149	141	138	147	156
t	156	149	141	138	159	138
t	156	149	162	166	147	156
t	156	149	162	166	167	149
t	162	166	156	183	150	166
t	136	156	141	138	147	156
t	136	156	141	138	127	149
t	136	156	141	173	147	156
t	136	156	141	173	127	162
t	141	173	156	183	150	166
t	123	138	141	138	127	149
t	109	149	123	138	118	156
t	109	149	123	138	105	138
t	156	128	141	138	147	121
t	156	128	141	138	159	138
t	156	128	162	111	147	121
t	156	128	162	111	167	128
t	162	111	156	94	150	111
t	136	121	141	138	147	121
t	136	121	141	138	127	128
t	136	121	141	104	147	121
t	136	121	141	104	127	115
t	141	104	156	94	150	111
t	123	138	141	138	127	128
t	109	128	123	138	118	121
t	109	128	123	138	105	138
t	162	111	156	94	171	104
t	176	121	162	111	180	111
t	176	121	162	111	167	128
t	174	94	156	94	171	83
t	174	94	156	94	171	104
t	174	94	189	83	171	83
t	174	94	189	83	183	100
t	189	83	194	66	180	76
t	176	156	194	156	180	166
t	176	156	194	156	180	145
t	176	156	162	166	180	166
t	176	156	162	166	167	149
t	162	166	156	183	171	173
t	189	173	194	156	180	166
t	189	173	194	156	200	173
t	189	173	174	183	180	166
t	189	173	174	183	192	183
t	174	183	156	183	171	173
t	209	166	194	156	200	173
t	214	183	209	166	203	183
t	214	183	209	166	223	177
t	189	138	194	156	200	138
t	189	138	194	156	180	145
t	189	138	194	121	200	138
t	189	138	194	121	180	132
t	194	121	209	111	203	128
t	209	145	194	156	200	138
t	209	145	194	156	212	156
t	209	145	214	128	200	138
t	209	145	214	128	220	145
t	214	128	209	111	203	128
t	209	166	194	156	212	156
t	227	166	209	166	223	156
t	227	166	209	166	223	177
t	194	121	209	111	191	111
t	176	121	194	121	180	111
t	176	121	194	121	180	132
t	194	100	209	111	203	94
t	194	100	209	111	191	111
t	194	100	189	83	203	94
t	194	100	189	83	183	100
t	189	83	194	66	200	83
t	209	200	194	211	200	194
t	214	183	209	200	203	183
t	214	183	209	200	223	190
t	189	194	194	211	180	200
t	189	194	194	211	200	194
t	189	194	174	183	180	200
t	189	194	174	183	192	183
t	174	183	156	183	171	194
t	227	200	241	211	223	211
t	227	200	241	211	236	194
t	227	200	209	200	223	211
t	227	200	209	200	223	190
t	209	200	194	211	212	211
t	227	222	241	211	223	211
t	227	222	241	211	236	228
t	227	222	209	222	223	211
t	227	222	209	222	223	232
t	209	222	194	211	212	211
t	247	228	241	211	236	228
t	241	245	247	228	232	239
t	241	245	247	228	253	245
t	123	194	109	183	127	183
t	123	194	109	183	114	200
t	123	194	141	194	127	183
t	123	194	141	194	127	205
t	141	194	156	183	138	183
t	123	173	109	183	127	183
t	123	173	109	183	114	166
t	123	173	141	173	127	183
t	123	173	141	173	127	162
t	141	173	156	183	138	183
t	103	166	109	183	114	166
t	109	149	103	166	118	156
t	109	149	103	166	98	149
t	103	200	109	183	94	194
t	103	200	109	183	114	200
t	103	200	89	211	94	194
t	103	200	89	211	107	211
t	89	211	71	211	85	200
t	91	183	109	183	94	194
t	91	183	109	183	94	173
t	91	183	76	194	94	194
t	91	183	76	194	82	177
t	76	194	71	211	85	200
t	103	166	109	183	94	173
t	89	156	103	166	85	166
t	89	156	103	166	98	149
t	89	211	71	211	85	222
t	103	222	89	211	94	228
t	103	222	89	211	107	211
t	76	228	71	211	65	228
t	76	228	71	211	85	222
t	76	228	71	245	65	228
t	76	228	71	245	85	235
t	71	245	56	256	62	239
t	136	211	141	228	147	211
t	136	211	141	228	127	218
t	136	211	141	194	147	211
t	136	211	141	194	127	205
t	141	194	156	183	150	200
t	156	218	141	228	147	211
t	156	218	141	228	159	228
t	156	218	162	200	147	211
t	156	218	162	200	167	218
t	162	200	156	183	150	200
t	156	239	141	228	159	228
t	174	239	156	239	171	228
t	174	239	156	239	171	249
t	123	228	141	228	127	239
t	123	228	141	228	127	218
t	123	228	109	239	127	239
t	123	228	109	239	114	222
t	109	239	103	256	118	245
t	136	245	141	228	127	239
t	136	245	141	228	147	245
t	136	245	121	256	127	239
t	136	245	121	256	139	256
t	121	256	103	256	118	245
t	156	239	141	228	147	245
t	162	256	156	239	150	256
t	162	256	156	239	171	249
t	109	239	103	256	98	239
t	103	222	109	239	94	228
t	103	222	109	239	114	222
t	89	245	103	256	85	256
t	89	245	103	256	98	239
t	89	245	71	245	85	256
t	89	245	71	245	85	235
t	71	245	56	256	74	256
t	189	228	194	211	180	222
t	174	239	189	228	171	228
t	174	239	189	228	183	245
t	176	211	194	211	180	200
t	176	211	194	211	180	222
t	176	211	162	200	180	200
t	176	211	162	200	167	218
t	162	200	156	183	171	194
t	194	245	209	256	203	239
t	194	245	209	256	191	256
t	194	245	189	228	203	239
t	194	245	189	228	183	245
t	189	228	194	211	200	228
t	214	239	209	256	203	239
t	214	239	209	256	223	245
t	214	239	209	222	203	239
t	214	239	209	222	223	232
t	209	222	194	211	200	228
t	227	256	209	256	223	245
t	241	245	227	256	232	239
t	241	245	227	256	245	256
t	327	128	332	111	318	121
t	327	128	332	111	338	128
t	327	128	312	138	318	121
t	327	128	312	138	330	138
t	312	138	294	138	309	128
t	314	111	332	111	318	121
t	314	111	332	111	318	100
t	314	111	300	121	318	121
t	314	111	300	121	305	104
t	300	121	294	138	309	128
t	327	94	332	111	318	100
t	312	83	327	94	309	94
t	312	83	327	94	321	76
t	347	121	332	111	350	111
t	347	121	332	111	338	128
t	347	121	365	121	350	111
t	347	121	365	121	350	132
t	365	121	380	111	362	111
t	347	100	332	111	350	111
t	347	100	332	111	338	94
t	347	100	365	100	350	111
t	347	100	365	100	350	89
t	365	100	380	111	362	111
t	327	94	332	111	338	94
t	332	76	327	94	341	83
t	332	76	327	94	321	76
t	365	121	380	111	374	128
t	359	138	365	121	371	138
t	359	138	365	121	350	132
t	385	128	380	111	394	121
t	385	128	380	111	374	128
t	385	128	400	138	394	121
t	385	128	400	138	382	138
t	400	138	418	138	403	128
t	327	149	332	166	318	156
t	327	149	332	166	338	149
t	327	149	312	138	318	156
t	327	149	312	138	330	138
t	312	138	294	138	309	149
t	314	166	332	166	318	156
t	314	166	332	166	318	177
t	314	166	300	156	318	156
t	314	166	300	156	305	173
t	300	156	294	138	309	149
t	327	183	332	166	318	177
t	312	194	327	183	309	183
t	312	194	327	183	321	200
t	347	156	332	166	350	166
t	347	156	332	166	338	149
t	347	156	365	156	350	166
t	347	156	365	156	350	145
t	365	156	380	166	362	166
t	347	177	332	166	350	166
t	347	177	332	166	338	183
t	347	177	365	177	350	166
t	347	177	365	177	350	187
t	365	177	380	166	362	166
t	327	183	332	166	338	183
t	332	200	327	183	341	194
t	332	200	327	183	321	200
t	365	156	380	166	374	149
t	359	138	365	156	371	138
t	359	138	365	156	350	145
t	385	149	380	166	394	156
t	385	149	380	166	374	149
t	385	149	400	138	394	156
t	385	149	400	138	382	138
t	400	138	418	138	403	149
t	294	194	280	183	298	183
t	312	194	294	194	309	183
t	312	194	294	194	309	205
t	294	173	280	183	285	166
t	294	173	280	183	298	183
t	294	173	300	156	285	166
t	294	173	300	156	305	173
t	300	156	294	138	289	156
t	300	211	294	228	289	211
t	300	211	294	228	309	218
t	300	211	294	194	289	211
t	300	211	294	194	309	205
t	294	194	280	183	285	200
t	280	218	294	228	289	211
t	280	218	294	228	276	228
t	280	218	274	200	289	211
t	280	218	274	200	268	218
t	274	200	280	183	285	200
t	280	239	294	228	276	228
t	262	239	280	239	265	228
t	262	239	280	239	265	249
t	274	111	280	94	285	111
t	274	111	280	94	265	104
t	274	111	280	128	285	111
t	274	111	280	128	265	117
t	280	128	294	138	289	121
t	294	104	280	94	285	111
t	294	104	280	94	298	94
t	294	104	300	121	285	111
t	294	104	300	121	305	104
t	300	121	294	138	289	121
t	294	83	280	94	298	94
t	312	83	294	83	309	94
t	312	83	294	83	309	72
t	262	94	280	94	265	83
t	262	94	280	94	265	104
t	262	94	247	83	265	83
t	262	94	247	83	253	100
t	247	83	241	66	256	76
t	274	76	280	94	265	83
t	274	76	280	94	285	76
t	274	76	259	66	265	83
t	274	76	259	66	277	66
t	259	66	241	66	256	76
t	294	83	280	94	285	76
t	300	66	294	83	289	66
t	300	66	294	83	309	72
t	247	83	241	66	236	83
t	241	100	247	83	232	94
t	241	100	247	83	253	100
t	227	76	241	66	223	66
t	227	76	241	66	236	83
t	227	76	209	76	223	66
t	227	76	209	76	223	87
t	209	76	194	66	212	66
t	262	128	247	138	265	138
t	262	128	247	138	253	121
t	262	128	280	128	265	138
t	262	128	280	128	265	117
t	280	128	294	138	276	138
t	262	149	247	138	265	138
t	262	149	247	138	253	156
t	262	149	280	149	265	138
t	262	149	280	149	265	160
t	280	149	294	138	276	138
t	241	156	247	138	253	156
t	247	173	241	156	256	166
t	247	173	241	156	236	173
t	241	121	247	138	232	128
t	241	121	247	138	253	121
t	241	121	227	111	232	128
t	241	121	227	111	245	111
t	227	111	209	111	223	121
t	229	138	247	138	232	128
t	229	138	247	138	232	149
t	229	138	214	128	232	128
t	229	138	214	128	220	145
t	214	128	209	111	223	121
t	241	156	247	138	232	149
t	227	166	241	156	223	156
t	227	166	241	156	236	173
t	227	111	209	111	223	100
t	241	100	227	111	232	94
t	241	100	227	111	245	111
t	214	94	209	111	203	94
t	214	94	209	111	223	100
t	214	94	209	76	203	94
t	214	94	209	76	223	87
t	209	76	194	66	200	83
t	262	183	280	183	265	173
t	247	173	262	183	256	166
t	247	173	262	183	244	183
t	274	166	280	183	285	166
t	274	166	280	183	265	173
t	274	166	280	149	285	166
t	274	166	280	149	265	160
t	280	149	294	138	289	156
t	247	194	241	211	256	200
t	247	194	241	211	236	194
t	247	194	262	183	256	200
t	247	194	262	183	244	183
t	262	183	280	183	265	194
t	259	211	241	211	256	200
t	259	211	241	211	256	222
t	259	211	274	200	256	200
t	259	211	274	200	268	218
t	274	200	280	183	265	194
t	247	228	241	211	256	222
t	262	239	247	228	265	228
t	262	239	247	228	253	245
c	0.4	0.4	0.8
t	394	301	403	294	400	284
t	394	301	391	290	400	284
t	403	273	394	267	385	273
t	427	256	423	267	412	267
t	427	256	416	256	412	267
t	403	273	394	267	398	256
t	427	256	423	267	432	273
t	456	256	447	263	438	256
t	394	301	403	294	412	301
t	394	301	403	307	412	301
t	423	301	427	312	418	318
t	447	284	436	284	432	294
t	447	284	444	294	432	294
t	423	301	427	312	438	312
t	447	284	436	284	432	273
t	456	256	447	263	450	273
t	403	329	414	329	418	318
t	394	301	403	307	400	318
t	403	329	414	329	418	339
t	403	329	407	339	418	339
t	427	346	423	356	412	356
t	394	301	383	301	380	290
t	394	301	391	290	380	290
t	371	284	374	273	385	273
t	341	284	350	290	359	284
t	341	284	350	277	359	284
t	371	284	374	273	365	267
t	341	284	350	290	347	301
t	318	301	329	301	332	290
t	394	301	383	301	380	312
t	394	301	391	312	380	312
t	371	318	374	329	385	329
t	341	318	350	312	359	318
t	341	318	350	325	359	318
t	371	318	374	329	365	335
t	341	318	350	312	347	301
t	318	301	329	301	332	312
t	403	329	394	335	385	329
t	394	301	391	312	400	318
t	403	329	394	335	398	346
t	403	329	407	339	398	346
t	394	356	403	363	412	356
t	341	284	338	273	327	273
t	318	301	321	290	332	290
t	341	284	338	273	347	267
t	341	284	350	277	347	267
t	350	256	362	256	365	267
t	318	301	309	294	312	284
t	318	301	321	290	312	284
t	309	273	318	267	327	273
t	285	256	289	267	300	267
t	285	256	296	256	300	267
t	309	273	318	267	314	256
t	285	256	289	267	280	273
t	256	256	265	263	274	256
t	394	211	403	218	400	228
t	394	211	391	222	400	228
t	403	239	394	245	385	239
t	427	256	423	245	412	245
t	427	256	416	256	412	245
t	403	239	394	245	398	256
t	427	256	423	245	432	239
t	456	256	447	249	438	256
t	394	211	403	218	412	211
t	394	211	403	205	412	211
t	423	211	427	200	418	194
t	447	228	436	228	432	218
t	447	228	444	218	432	218
t	423	211	427	200	438	200
t	447	228	436	228	432	239
t	456	256	447	249	450	239
t	403	183	414	183	418	194
t	394	211	403	205	400	194
t	403	183	414	183	418	173
t	403	183	407	173	418	173
t	427	166	423	156	412	156
t	394	211	383	211	380	222
t	394	211	391	222	380	222
t	371	228	374	239	385	239
t	341	228	350	222	359	228
t	341	228	350	235	359	228
t	371	228	374	239	365	245
t	341	228	350	222	347	211
t	318	211	329	211	332	222
t	394	211	383	211	380	200
t	394	211	391	200	380	200
t	371	194	374	183	385	183
t	341	194	350	200	359	194
t	341	194	350	187	359	194
t	371	194	374	183	365	177
t	341	194	350	200	347	211
t	318	211	329	211	332	200
t	403	183	394	177	385	183
t	394	211	391	200	400	194
t	403	183	394	177	398	166
t	403	183	407	173	398	166
t	394	156	403	149	412	156
t	341	228	338	239	327	239
t	318	211	321	222	332	222
t	341	228	338	239	347	245
t	341	228	350	235	347	245
t	350	256	362	256	365	245
t	318	211	309	218	312	228
t	318	211	321	222	312	228
t	309	239	318	245	327	239
t	285	256	289	245	300	245
t	285	256	296	256	300	245
t	309	239	318	245	314	256
t	285	256	289	245	280	239
t	256	256	265	249	274	256
t	256	401	265	408	274	401
t	256	401	265	395	274	401
t	285	401	289	391	280	384
t	309	418	298	418	294	408
t	309	418	305	408	294	408
t	285	401	289	391	300	391
t	309	418	298	418	294	429
t	318	446	309	440	312	429
t	256	401	265	408	262	418
t	256	401	253	412	262	418
t	265	429	256	436	247	429
t	289	446	285	436	274	436
t	289	446	277	446	274	436
t	265	429	256	436	259	446
t	289	446	285	436	294	429
t	318	446	309	440	300	446
t	232	418	236	429	247	429
t	256	401	253	412	241	412
t	232	418	236	429	227	436
t	232	418	223	425	227	436
t	223	446	212	446	209	436
t	256	401	253	391	262	384
t	256	401	265	395	262	384
t	265	374	276	374	280	384
t	256	346	253	356	262	363
t	256	346	265	352	262	363
t	265	374	276	374	280	363
t	256	346	253	356	241	356
t	232	329	236	339	247	339
t	256	401	253	391	241	391
t	256	401	245	401	241	391
t	232	384	223	391	227	401
t	223	356	232	363	229	374
t	223	356	220	367	229	374
t	232	384	223	391	214	384
t	223	356	232	363	241	356
t	232	329	236	339	227	346
t	232	418	223	412	227	401
t	256	401	245	401	241	412
t	232	418	223	412	214	418
t	232	418	223	425	214	418
t	203	418	200	429	209	436
t	256	346	265	339	262	329
t	232	329	244	329	247	339
t	256	346	265	339	274	346
t	256	346	265	352	274	346
t	285	346	289	356	280	363
t	232	329	236	318	247	318
t	232	329	244	329	247	318
t	256	312	265	318	262	329
t	265	284	256	290	259	301
t	265	284	268	294	259	301
t	256	312	265	318	274	312
t	265	284	256	290	247	284
t	256	256	253	267	262	273
t	341	374	338	384	327	384
t	341	374	330	374	327	384
t	318	391	309	384	312	374
t	309	418	318	412	314	401
t	309	418	305	408	314	401
t	318	391	309	384	300	391
t	309	418	318	412	327	418
t	318	446	321	436	312	429
t	341	374	338	384	347	391
t	341	374	350	380	347	391
t	350	401	362	401	365	391
t	341	429	338	418	347	412
t	341	429	350	423	347	412
t	350	401	362	401	365	412
t	341	429	338	418	327	418
t	318	446	321	436	332	436
t	371	374	374	384	365	391
t	341	374	350	380	359	374
t	371	374	374	384	385	384
t	371	374	382	374	385	384
t	394	391	403	384	400	374
t	341	374	338	363	327	363
t	341	374	330	374	327	363
t	318	356	309	363	312	374
t	309	329	318	335	314	346
t	309	329	305	339	314	346
t	318	356	309	363	300	356
t	309	329	318	335	327	329
t	318	301	321	312	312	318
t	341	374	338	363	347	356
t	341	374	350	367	347	356
t	350	346	362	346	365	356
t	341	318	338	329	347	335
t	341	318	350	325	347	335
t	350	346	362	346	365	335
t	341	318	338	329	327	329
t	318	301	321	312	332	312
t	371	374	374	363	365	356
t	341	374	350	367	359	374
t	371	374	374	363	385	363
t	371	374	382	374	385	363
t	394	356	403	363	400	374
t	309	329	298	329	294	318
t	318	301	309	307	312	318
t	309	329	298	329	294	339
t	309	329	305	339	294	339
t	285	346	289	356	300	356
t	318	301	309	294	300	301
t	318	301	309	307	300	301
t	289	301	285	312	294	318
t	265	284	276	284	280	294
t	265	284	268	294	280	294
t	289	301	285	312	274	312
t	265	284	276	284	280	273
t	256	256	265	263	262	273
t	118	301	114	312	123	318
t	118	301	127	307	123	318
t	127	329	138	329	141	318
t	118	356	114	346	123	339
t	118	356	127	350	123	339
t	127	329	138	329	141	339
t	118	356	114	346	103	346
t	94	374	98	363	109	363
t	118	301	114	312	103	312
t	118	301	107	301	103	312
t	94	318	85	312	89	301
t	85	346	94	339	91	329
t	85	346	82	335	91	329
t	94	318	85	312	76	318
t	85	346	94	339	103	346
t	94	374	98	363	89	356
t	94	284	85	290	89	301
t	118	301	107	301	103	290
t	94	284	85	290	76	284
t	94	284	85	277	76	284
t	65	284	62	273	71	267
t	118	301	127	294	136	301
t	118	301	127	307	136	301
t	147	301	150	312	141	318
t	171	284	159	284	156	294
t	171	284	167	294	156	294
t	147	301	150	312	162	312
t	171	284	159	284	156	273
t	180	256	171	263	174	273
t	118	301	127	294	123	284
t	118	301	114	290	123	284
t	127	273	118	267	109	273
t	150	256	147	267	136	267
t	150	256	139	256	136	267
t	127	273	118	267	121	256
t	150	256	147	267	156	273
t	180	256	171	263	162	256
t	94	284	98	273	109	273
t	118	301	114	290	103	290
t	94	284	98	273	89	267
t	94	284	85	277	89	267
t	85	256	74	256	71	267
t	171	284	180	290	189	284
t	180	256	183	267	174	273
t	171	284	180	290	176	301
t	171	284	167	294	176	301
t	180	312	171	318	162	312
t	180	256	191	256	194	267
t	180	256	183	267	194	267
t	203	273	200	284	189	284
t	232	273	223	267	214	273
t	232	273	223	280	214	273
t	203	273	200	284	209	290
t	232	273	223	267	227	256
t	256	256	245	256	241	267
t	171	374	159	374	156	363
t	171	374	167	363	156	363
t	147	356	150	346	162	346
t	118	356	127	363	136	356
t	118	356	127	350	136	356
t	147	356	150	346	141	339
t	118	356	127	363	123	374
t	94	374	105	374	109	363
t	171	374	159	374	156	384
t	171	374	167	384	156	384
t	147	391	150	401	162	401
t	118	391	127	384	136	391
t	118	391	127	397	136	391
t	147	391	150	401	141	408
t	118	391	127	384	123	374
t	94	374	105	374	109	384
t	180	401	171	408	162	401
t	171	374	167	384	176	391
t	180	401	171	408	174	418
t	180	401	183	412	174	418
t	171	429	180	436	189	429
t	171	374	180	367	176	356
t	171	374	167	363	176	356
t	180	346	171	339	162	346
t	203	329	200	339	189	339
t	203	329	192	329	189	339
t	180	346	171	339	174	329
t	203	329	200	339	209	346
t	232	329	223	335	214	329
t	171	374	180	367	189	374
t	171	374	180	380	189	374
t	200	374	203	384	194	391
t	223	356	212	356	209	367
t	223	356	220	367	209	367
t	200	374	203	384	214	384
t	223	356	212	356	209	346
t	232	329	223	335	227	346
t	180	401	191	401	194	391
t	171	374	180	380	176	391
t	180	401	191	401	194	412
t	180	401	183	412	194	412
t	203	418	200	429	189	429
t	203	329	200	318	209	312
t	232	329	223	322	214	329
t	203	329	200	318	189	318
t	203	329	192	329	189	318
t	180	312	171	318	174	329
t	232	329	236	318	227	312
t	232	329	223	322	227	312
t	223	301	212	301	209	312
t	232	273	236	284	227	290
t	232	273	223	280	227	290
t	223	301	212	301	209	290
t	232	273	236	284	247	284
t	256	256	253	267	241	267
t	171	138	159	138	156	149
t	171	138	167	149	156	149
t	147	156	150	166	162	166
t	118	156	127	149	136	156
t	118	156	127	162	136	156
t	147	156	150	166	141	173
t	118	156	127	149	123	138
t	94	138	105	138	109	149
t	171	138	159	138	156	128
t	171	138	167	128	156	128
t	147	121	150	111	162	111
t	118	121	127	128	136	121
t	118	121	127	115	136	121
t	147	121	150	111	141	104
t	118	121	127	128	123	138
t	94	138	105	138	109	128
t	180	111	171	104	162	111
t	171	138	167	128	176	121
t	180	111	171	104	174	94
t	180	111	183	100	174	94
t	171	83	180	76	189	83
t	171	138	180	145	176	156
t	171	138	167	149	176	156
t	180	166	171	173	162	166
t	203	183	200	173	189	173
t	203	183	192	183	189	173
t	180	166	171	173	174	183
t	203	183	200	173	209	166
t	232	183	223	177	214	183
t	171	138	180	145	189	138
t	171	138	180	132	189	138
t	200	138	203	128	194	121
t	223	156	212	156	209	145
t	223	156	220	145	209	145
t	200	138	203	128	214	128
t	223	156	212	156	209	166
t	232	183	223	177	227	166
t	180	111	191	111	194	121
t	171	138	180	132	176	121
t	180	111	191	111	194	100
t	180	111	183	100	194	100
t	203	94	200	83	189	83
t	203	183	200	194	209	200
t	232	183	223	190	214	183
t	203	183	200	194	189	194
t	203	183	192	183	189	194
t	180	200	171	194	174	183
t	232	183	236	194	227	200
t	232	183	223	190	227	200
t	223	211	212	211	209	200
t	232	239	236	228	227	222
t	232	239	223	232	227	222
t	223	211	212	211	209	222
t	232	239	236	228	247	228
t	256	256	253	245	241	245
t	118	211	114	200	123	194
t	118	211	127	205	123	194
t	127	183	138	183	141	194
t	118	156	114	166	123	173
t	118	156	127	162	123	173
t	127	183	138	183	141	173
t	118	156	114	166	103	166
t	94	138	98	149	109	149
t	118	211	114	200	103	200
t	118	211	107	211	103	200
t	94	194	85	200	89	211
t	85	166	94	173	91	183
t	85	166	82	177	91	183
t	94	194	85	200	76	194
t	85	166	94	173	103	166
t	94	138	98	149	89	156
t	94	228	85	222	89	211
t	118	211	107	211	103	222
t	94	228	85	222	76	228
t	94	228	85	235	76	228
t	65	228	62	239	71	245
t	118	211	127	218	136	211
t	118	211	127	205	136	211
t	147	211	150	200	141	194
t	171	228	159	228	156	218
t	171	228	167	218	156	218
t	147	211	150	200	162	200
t	171	228	159	228	156	239
t	180	256	171	249	174	239
t	118	211	127	218	123	228
t	118	211	114	222	123	228
t	127	239	118	245	109	239
t	150	256	147	245	136	245
t	150	256	139	256	136	245
t	127	239	118	245	121	256
t	150	256	147	245	156	239
t	180	256	171	249	162	256
t	94	228	98	239	109	239
t	118	211	114	222	103	222
t	94	228	98	239	89	245
t	94	228	85	235	89	245
t	85	256	74	256	71	245
t	171	228	180	222	189	228
t	180	256	183	245	174	239
t	171	228	180	222	176	211
t	171	228	167	218	176	211
t	180	200	171	194	162	200
t	180	256	191	256	194	245
t	180	256	183	245	194	245
t	203	239	200	228	189	228
t	232	239	223	245	214	239
t	232	239	223	232	214	239
t	203	239	200	228	209	222
t	232	239	223	245	227	256
t	256	256	245	256	241	245
t	341	138	338	128	327	128
t	341	138	330	138	327	128
t	318	121	309	128	312	138
t	309	94	318	100	314	111
t	309	94	305	104	314	111
t	318	121	309	128	300	121
t	309	94	318	100	327	94
t	318	66	321	76	312	83
t	341	138	338	128	347	121
t	341	138	350	132	347	121
t	350	111	362	111	365	121
t	341	83	338	94	347	100
t	341	83	350	89	347	100
t	350	111	362	111	365	100
t	341	83	338	94	327	94
t	318	66	321	76	332	76
t	371	138	374	128	365	121
t	341	138	350	132	359	138
t	371	138	374	128	385	128
t	371	138	382	138	385	128
t	394	121	403	128	400	138
t	341	138	338	149	327	149
t	341	138	330	138	327	149
t	318	156	309	149	312	138
t	309	183	318	177	314	166
t	309	183	305	173	314	166
t	318	156	309	149	300	156
t	309	183	318	177	327	183
t	318	211	321	200	312	194
t	341	138	338	149	347	156
t	341	138	350	145	347	156
t	350	166	362	166	365	156
t	341	194	338	183	347	177
t	341	194	350	187	347	177
t	350	166	362	166	365	177
t	341	194	338	183	327	183
t	318	211	321	200	332	200
t	371	138	374	149	365	156
t	341	138	350	145	359	138
t	371	138	374	149	385	149
t	371	138	382	138	385	149
t	394	156	403	149	400	138
t	309	183	298	183	294	194
t	318	211	309	205	312	194
t	309	183	298	183	294	173
t	309	183	305	173	294	173
t	285	166	289	156	300	156
t	318	211	309	218	300	211
t	318	211	309	205	300	211
t	289	211	285	200	294	194
t	265	228	276	228	280	218
t	265	228	268	218	280	218
t	289	211	285	200	274	200
t	265	228	276	228	280	239
t	256	256	265	249	262	239
t	256	111	265	104	274	111
t	256	111	265	117	274	111
t	285	111	289	121	280	128
t	309	94	298	94	294	104
t	309	94	305	104	294	104
t	285	111	289	121	300	121
t	309	94	298	94	294	83
t	318	66	309	72	312	83
t	256	111	265	104	262	94
t	256	111	253	100	262	94
t	265	83	256	76	247	83
t	289	66	285	76	274	76
t	289	66	277	66	274	76
t	265	83	256	76	259	66
t	289	66	285	76	294	83
t	318	66	309	72	300	66
t	232	94	236	83	247	83
t	256	111	253	100	241	100
t	232	94	236	83	227	76
t	232	94	223	87	227	76
t	223	66	212	66	209	76
t	256	111	253	121	262	128
t	256	111	265	117	262	128
t	265	138	276	138	280	128
t	256	166	253	156	262	149
t	256	166	265	160	262	149
t	265	138	276	138	280	149
t	256	166	253	156	241	156
t	232	183	236	173	247	173
t	256	111	253	121	241	121
t	256	111	245	111	241	121
t	232	128	223	121	227	111
t	223	156	232	149	229	138
t	223	156	220	145	229	138
t	232	128	223	121	214	128
t	223	156	232	149	241	156
t	232	183	236	173	227	166
t	232	94	223	100	227	111
t	256	111	245	111	241	100
t	232	94	223	100	214	94
t	232	94	223	87	214	94
t	203	94	200	83	209	76
t	256	166	265	173	262	183
t	232	183	244	183	247	173
t	256	166	265	173	274	166
t	256	166	265	160	274	166
t	285	166	289	156	280	149
t	232	183	236	194	247	194
t	232	183	244	183	247	194
t	256	200	265	194	262	183
t	265	228	256	222	259	211
t	265	228	268	218	259	211
t	256	200	265	194	274	200
t	265	228	256	222	247	228
t	256	256	253	245	262	239
c	0	0	0
l	400	284	403	273
l	400	284	403	294
l	400	284	403	273
l	400	284	391	290
l	385	273	394	267
l	412	267	403	273
l	412	267	423	267
l	412	267	403	273
l	412	267	416	256
l	398	256	394	267
l	432	273	423	267
l	438	256	427	256
l	438	256	447	263
l	412	301	423	301
l	412	301	403	294
l	412	301	423	301
l	412	301	403	307
l	418	318	427	312
l	432	294	423	301
l	432	294	436	284
l	432	294	423	301
l	432	294	444	294
l	438	312	427	312
l	432	273	436	284
l	450	273	447	284
l	450	273	447	263
l	418	318	414	329
l	400	318	403	329
l	400	318	403	307
l	418	339	427	346
l	418	339	414	329
l	418	339	427	346
l	418	339	407	339
l	412	356	423	356
l	380	290	371	284
l	380	290	383	301
l	380	290	371	284
l	380	290	391	290
l	385	273	374	273
l	359	284	371	284
l	359	284	350	290
l	359	284	371	284
l	359	284	350	277
l	365	267	374	273
l	347	301	350	290
l	332	290	341	284
l	332	290	329	301
l	380	312	371	318
l	380	312	383	301
l	380	312	371	318
l	380	312	391	312
l	385	329	374	329
l	359	318	371	318
l	359	318	350	312
l	359	318	371	318
l	359	318	350	325
l	365	335	374	329
l	347	301	350	312
l	332	312	341	318
l	332	312	329	301
l	385	329	394	335
l	400	318	403	329
l	400	318	391	312
l	398	346	394	356
l	398	346	394	335
l	398	346	394	356
l	398	346	407	339
l	412	356	403	363
l	327	273	338	273
l	332	290	341	284
l	332	290	321	290
l	347	267	350	256
l	347	267	338	273
l	347	267	350	256
l	347	267	350	277
l	365	267	362	256
l	312	284	309	273
l	312	284	309	294
l	312	284	309	273
l	312	284	321	290
l	327	273	318	267
l	300	267	309	273
l	300	267	289	267
l	300	267	309	273
l	300	267	296	256
l	314	256	318	267
l	280	273	289	267
l	274	256	285	256
l	274	256	265	263
l	400	228	403	239
l	400	228	403	218
l	400	228	403	239
l	400	228	391	222
l	385	239	394	245
l	412	245	403	239
l	412	245	423	245
l	412	245	403	239
l	412	245	416	256
l	398	256	394	245
l	432	239	423	245
l	438	256	427	256
l	438	256	447	249
l	412	211	423	211
l	412	211	403	218
l	412	211	423	211
l	412	211	403	205
l	418	194	427	200
l	432	218	423	211
l	432	218	436	228
l	432	218	423	211
l	432	218	444	218
l	438	200	427	200
l	432	239	436	228
l	450	239	447	228
l	450	239	447	249
l	418	194	414	183
l	400	194	403	183
l	400	194	403	205
l	418	173	427	166
l	418	173	414	183
l	418	173	427	166
l	418	173	407	173
l	412	156	423	156
l	380	222	371	228
l	380	222	383	211
l	380	222	371	228
l	380	222	391	222
l	385	239	374	239
l	359	228	371	228
l	359	228	350	222
l	359	228	371	228
l	359	228	350	235
l	365	245	374	239
l	347	211	350	222
l	332	222	341	228
l	332	222	329	211
l	380	200	371	194
l	380	200	383	211
l	380	200	371	194
l	380	200	391	200
l	385	183	374	183
l	359	194	371	194
l	359	194	350	200
l	359	194	371	194
l	359	194	350	187
l	365	177	374	183
l	347	211	350	200
l	332	200	341	194
l	332	200	329	211
l	385	183	394	177
l	400	194	403	183
l	400	194	391	200
l	398	166	394	156
l	398	166	394	177
l	398	166	394	156
l	398	166	407	173
l	412	156	403	149
l	327	239	338	239
l	332	222	341	228
l	332	222	321	222
l	347	245	350	256
l	347	245	338	239
l	347	245	350	256
l	347	245	350	235
l	365	245	362	256
l	312	228	309	239
l	312	228	309	218
l	312	228	309	239
l	312	228	321	222
l	327	239	318	245
l	300	245	309	239
l	300	245	289	245
l	300	245	309	239
l	300	245	296	256
l	314	256	318	245
l	280	239	289	245
l	274	256	285	256
l	274	256	265	249
l	274	401	285	401
l	274	401	265	408
l	274	401	285	401
l	274	401	265	395
l	280	384	289	391
l	294	408	285	401
l	294	408	298	418
l	294	408	285	401
l	294	408	305	408
l	300	391	289	391
l	294	429	298	418
l	312	429	309	418
l	312	429	309	440
l	262	418	265	429
l	262	418	265	408
l	262	418	265	429
l	262	418	253	412
l	247	429	256	436
l	274	436	265	429
l	274	436	285	436
l	274	436	265	429
l	274	436	277	446
l	259	446	256	436
l	294	429	285	436
l	300	446	289	446
l	300	446	309	440
l	247	429	236	429
l	241	412	232	418
l	241	412	253	412
l	227	436	223	446
l	227	436	236	429
l	227	436	223	446
l	227	436	223	425
l	209	436	212	446
l	262	384	265	374
l	262	384	253	391
l	262	384	265	374
l	262	384	265	395
l	280	384	276	374
l	262	363	265	374
l	262	363	253	356
l	262	363	265	374
l	262	363	265	352
l	280	363	276	374
l	241	356	253	356
l	247	339	256	346
l	247	339	236	339
l	241	391	232	384
l	241	391	253	391
l	241	391	232	384
l	241	391	245	401
l	227	401	223	391
l	229	374	232	384
l	229	374	232	363
l	229	374	232	384
l	229	374	220	367
l	214	384	223	391
l	241	356	232	363
l	227	346	223	356
l	227	346	236	339
l	227	401	223	412
l	241	412	232	418
l	241	412	245	401
l	214	418	203	418
l	214	418	223	412
l	214	418	203	418
l	214	418	223	425
l	209	436	200	429
l	262	329	265	339
l	247	339	256	346
l	247	339	244	329
l	274	346	285	346
l	274	346	265	339
l	274	346	285	346
l	274	346	265	352
l	280	363	289	356
l	247	318	256	312
l	247	318	236	318
l	247	318	256	312
l	247	318	244	329
l	262	329	265	318
l	259	301	256	312
l	259	301	256	290
l	259	301	256	312
l	259	301	268	294
l	274	312	265	318
l	247	284	256	290
l	262	273	265	284
l	262	273	253	267
l	327	384	318	391
l	327	384	338	384
l	327	384	318	391
l	327	384	330	374
l	312	374	309	384
l	314	401	318	391
l	314	401	318	412
l	314	401	318	391
l	314	401	305	408
l	300	391	309	384
l	327	418	318	412
l	312	429	309	418
l	312	429	321	436
l	347	391	350	401
l	347	391	338	384
l	347	391	350	401
l	347	391	350	380
l	365	391	362	401
l	347	412	350	401
l	347	412	338	418
l	347	412	350	401
l	347	412	350	423
l	365	412	362	401
l	327	418	338	418
l	332	436	341	429
l	332	436	321	436
l	365	391	374	384
l	359	374	371	374
l	359	374	350	380
l	385	384	394	391
l	385	384	374	384
l	385	384	394	391
l	385	384	382	374
l	400	374	403	384
l	327	363	318	356
l	327	363	338	363
l	327	363	318	356
l	327	363	330	374
l	312	374	309	363
l	314	346	318	356
l	314	346	318	335
l	314	346	318	356
l	314	346	305	339
l	300	356	309	363
l	327	329	318	335
l	312	318	309	329
l	312	318	321	312
l	347	356	350	346
l	347	356	338	363
l	347	356	350	346
l	347	356	350	367
l	365	356	362	346
l	347	335	350	346
l	347	335	338	329
l	347	335	350	346
l	347	335	350	325
l	365	335	362	346
l	327	329	338	329
l	332	312	341	318
l	332	312	321	312
l	365	356	374	363
l	359	374	371	374
l	359	374	350	367
l	385	363	394	356
l	385	363	374	363
l	385	363	394	356
l	385	363	382	374
l	400	374	403	363
l	294	318	298	329
l	312	318	309	329
l	312	318	309	307
l	294	339	285	346
l	294	339	298	329
l	294	339	285	346
l	294	339	305	339
l	300	356	289	356
l	300	301	289	301
l	300	301	309	294
l	300	301	289	301
l	300	301	309	307
l	294	318	285	312
l	280	294	289	301
l	280	294	276	284
l	280	294	289	301
l	280	294	268	294
l	274	312	285	312
l	280	273	276	284
l	262	273	265	284
l	262	273	265	263
l	123	318	127	329
l	123	318	114	312
l	123	318	127	329
l	123	318	127	307
l	141	318	138	329
l	123	339	127	329
l	123	339	114	346
l	123	339	127	329
l	123	339	127	350
l	141	339	138	329
l	103	346	114	346
l	109	363	118	356
l	109	363	98	363
l	103	312	94	318
l	103	312	114	312
l	103	312	94	318
l	103	312	107	301
l	89	301	85	312
l	91	329	94	318
l	91	329	94	339
l	91	329	94	318
l	91	329	82	335
l	76	318	85	312
l	103	346	94	339
l	89	356	85	346
l	89	356	98	363
l	89	301	85	290
l	103	290	94	284
l	103	290	107	301
l	76	284	65	284
l	76	284	85	290
l	76	284	65	284
l	76	284	85	277
l	71	267	62	273
l	136	301	147	301
l	136	301	127	294
l	136	301	147	301
l	136	301	127	307
l	141	318	150	312
l	156	294	147	301
l	156	294	159	284
l	156	294	147	301
l	156	294	167	294
l	162	312	150	312
l	156	273	159	284
l	174	273	171	284
l	174	273	171	263
l	123	284	127	273
l	123	284	127	294
l	123	284	127	273
l	123	284	114	290
l	109	273	118	267
l	136	267	127	273
l	136	267	147	267
l	136	267	127	273
l	136	267	139	256
l	121	256	118	267
l	156	273	147	267
l	162	256	150	256
l	162	256	171	263
l	109	273	98	273
l	103	290	94	284
l	103	290	114	290
l	89	267	85	256
l	89	267	98	273
l	89	267	85	256
l	89	267	85	277
l	71	267	74	256
l	189	284	180	290
l	174	273	171	284
l	174	273	183	267
l	176	301	180	312
l	176	301	180	290
l	176	301	180	312
l	176	301	167	294
l	162	312	171	318
l	194	267	203	273
l	194	267	191	256
l	194	267	203	273
l	194	267	183	267
l	189	284	200	284
l	214	273	203	273
l	214	273	223	267
l	214	273	203	273
l	214	273	223	280
l	209	290	200	284
l	227	256	223	267
l	241	267	232	273
l	241	267	245	256
l	156	363	147	356
l	156	363	159	374
l	156	363	147	356
l	156	363	167	363
l	162	346	150	346
l	136	356	147	356
l	136	356	127	363
l	136	356	147	356
l	136	356	127	350
l	141	339	150	346
l	123	374	127	363
l	109	363	118	356
l	109	363	105	374
l	156	384	147	391
l	156	384	159	374
l	156	384	147	391
l	156	384	167	384
l	162	401	150	401
l	136	391	147	391
l	136	391	127	384
l	136	391	147	391
l	136	391	127	397
l	141	408	150	401
l	123	374	127	384
l	109	384	118	391
l	109	384	105	374
l	162	401	171	408
l	176	391	180	401
l	176	391	167	384
l	174	418	171	429
l	174	418	171	408
l	174	418	171	429
l	174	418	183	412
l	189	429	180	436
l	176	356	180	346
l	176	356	180	367
l	176	356	180	346
l	176	356	167	363
l	162	346	171	339
l	189	339	180	346
l	189	339	200	339
l	189	339	180	346
l	189	339	192	329
l	174	329	171	339
l	209	346	200	339
l	214	329	203	329
l	214	329	223	335
l	189	374	200	374
l	189	374	180	367
l	189	374	200	374
l	189	374	180	380
l	194	391	203	384
l	209	367	200	374
l	209	367	212	356
l	209	367	200	374
l	209	367	220	367
l	214	384	203	384
l	209	346	212	356
l	227	346	223	356
l	227	346	223	335
l	194	391	191	401
l	176	391	180	401
l	176	391	180	380
l	194	412	203	418
l	194	412	191	401
l	194	412	203	418
l	194	412	183	412
l	189	429	200	429
l	209	312	200	318
l	214	329	203	329
l	214	329	223	322
l	189	318	180	312
l	189	318	200	318
l	189	318	180	312
l	189	318	192	329
l	174	329	171	318
l	227	312	223	301
l	227	312	236	318
l	227	312	223	301
l	227	312	223	322
l	209	312	212	301
l	227	290	223	301
l	227	290	236	284
l	227	290	223	301
l	227	290	223	280
l	209	290	212	301
l	247	284	236	284
l	241	267	232	273
l	241	267	253	267
l	156	149	147	156
l	156	149	159	138
l	156	149	147	156
l	156	149	167	149
l	162	166	150	166
l	136	156	147	156
l	136	156	127	149
l	136	156	147	156
l	136	156	127	162
l	141	173	150	166
l	123	138	127	149
l	109	149	118	156
l	109	149	105	138
l	156	128	147	121
l	156	128	159	138
l	156	128	147	121
l	156	128	167	128
l	162	111	150	111
l	136	121	147	121
l	136	121	127	128
l	136	121	147	121
l	136	121	127	115
l	141	104	150	111
l	123	138	127	128
l	109	128	118	121
l	109	128	105	138
l	162	111	171	104
l	176	121	180	111
l	176	121	167	128
l	174	94	171	83
l	174	94	171	104
l	174	94	171	83
l	174	94	183	100
l	189	83	180	76
l	176	156	180	166
l	176	156	180	145
l	176	156	180	166
l	176	156	167	149
l	162	166	171	173
l	189	173	180	166
l	189	173	200	173
l	189	173	180	166
l	189	173	192	183
l	174	183	171	173
l	209	166	200	173
l	214	183	203	183
l	214	183	223	177
l	189	138	200	138
l	189	138	180	145
l	189	138	200	138
l	189	138	180	132
l	194	121	203	128
l	209	145	200	138
l	209	145	212	156
l	209	145	200	138
l	209	145	220	145
l	214	128	203	128
l	209	166	212	156
l	227	166	223	156
l	227	166	223	177
l	194	121	191	111
l	176	121	180	111
l	176	121	180	132
l	194	100	203	94
l	194	100	191	111
l	194	100	203	94
l	194	100	183	100
l	189	83	200	83
l	209	200	200	194
l	214	183	203	183
l	214	183	223	190
l	189	194	180	200
l	189	194	200	194
l	189	194	180	200
l	189	194	192	183
l	174	183	171	194
l	227	200	223	211
l	227	200	236	194
l	227	200	223	211
l	227	200	223	190
l	209	200	212	211
l	227	222	223	211
l	227	222	236	228
l	227	222	223	211
l	227	222	223	232
l	209	222	212	211
l	247	228	236	228
l	241	245	232	239
l	241	245	253	245
l	123	194	127	183
l	123	194	114	200
l	123	194	127	183
l	123	194	127	205
l	141	194	138	183
l	123	173	127	183
l	123	173	114	166
l	123	173	127	183
l	123	173	127	162
l	141	173	138	183
l	103	166	114	166
l	109	149	118	156
l	109	149	98	149
l	103	200	94	194
l	103	200	114	200
l	103	200	94	194
l	103	200	107	211
l	89	211	85	200
l	91	183	94	194
l	91	183	94	173
l	91	183	94	194
l	91	183	82	177
l	76	194	85	200
l	103	166	94	173
l	89	156	85	166
l	89	156	98	149
l	89	211	85	222
l	103	222	94	228
l	103	222	107	211
l	76	228	65	228
l	76	228	85	222
l	76	228	65	228
l	76	228	85	235
l	71	245	62	239
l	136	211	147	211
l	136	211	127	218
l	136	211	147	211
l	136	211	127	205
l	141	194	150	200
l	156	218	147	211
l	156	218	159	228
l	156	218	147	211
l	156	218	167	218
l	162	200	150	200
l	156	239	159	228
l	174	239	171	228
l	174	239	171	249
l	123	228	127	239
l	123	228	127	218
l	123	228	127	239
l	123	228	114	222
l	109	239	118	245
l	136	245	127	239
l	136	245	147	245
l	136	245	127	239
l	136	245	139	256
l	121	256	118	245
l	156	239	147	245
l	162	256	150	256
l	162	256	171	249
l	109	239	98	239
l	103	222	94	228
l	103	222	114	222
l	89	245	85	256
l	89	245	98	239
l	89	245	85	256
l	89	245	85	235
l	71	245	74	256
l	189	228	180	222
l	174	239	171	228
l	174	239	183	245
l	176	211	180	200
l	176	211	180	222
l	176	211	180	200
l	176	211	167	218
l	162	200	171	194
l	194	245	203	239
l	194	245	191	256
l	194	245	203	239
l	194	245	183	245
l	189	228	200	228
l	214	239	203	239
l	214	239	223	245
l	214	239	203	239
l	214	239	223	232
l	209	222	200	228
l	227	256	223	245
l	241	245	232	239
l	241	245	245	256
l	327	128	318	121
l	327	128	338	128
l	327	128	318	121
l	327	128	330	138
l	312	138	309	128
l	314	111	318	121
l	314	111	318	100
l	314	111	318	121
l	314	111	305	104
l	300	121	309	128
l	327	94	318	100
l	312	83	309	94
l	312	83	321	76
l	347	121	350	111
l	347	121	338	128
l	347	121	350	111
l	347	121	350	132
l	365	121	362	111
l	347	100	350	111
l	347	100	338	94
l	347	100	350	111
l	347	100	350	89
l	365	100	362	111
l	327	94	338	94
l	332	76	341	83
l	332	76	321	76
l	365	121	374	128
l	359	138	371	138
l	359	138	350	132
l	385	128	394	121
l	385	128	374	128
l	385	128	394	121
l	385	128	382	138
l	400	138	403	128
l	327	149	318	156
l	327	149	338	149
l	327	149	318	156
l	327	149	330	138
l	312	138	309	149
l	314	166	318	156
l	314	166	318	177
l	314	166	318	156
l	314	166	305	173
l	300	156	309	149
l	327	183	318	177
l	312	194	309	183
l	312	194	321	200
l	347	156	350	166
l	347	156	338	149
l	347	156	350	166
l	347	156	350	145
l	365	156	362	166
l	347	177	350	166
l	347	177	338	183
l	347	177	350	166
l	347	177	350	187
l	365	177	362	166
l	327	183	338	183
l	332	200	341	194
l	332	200	321	200
l	365	156	374	149
l	359	138	371	138
l	359	138	350	145
l	385	149	394	156
l	385	149	374	149
l	385	149	394	156
l	385	149	382	138
l	400	138	403	149
l	294	194	298	183
l	312	194	309	183
l	312	194	309	205
l	294	173	285	166
l	294	173	298	183
l	294	173	285	166
l	294	173	305	173
l	300	156	289	156
l	300	211	289	211
l	300	211	309	218
l	300	211	289	211
l	300	211	309	205
l	294	194	285	200
l	280	218	289	211
l	280	218	276	228
l	280	218	289	211
l	280	218	268	218
l	274	200	285	200
l	280	239	276	228
l	262	239	265	228
l	262	239	265	249
l	274	111	285	111
l	274	111	265	104
l	274	111	285	111
l	274	111	265	117
l	280	128	289	121
l	294	104	285	111
l	294	104	298	94
l	294	104	285	111
l	294	104	305	104
l	300	121	289	121
l	294	83	298	94
l	312	83	309	94
l	312	83	309	72
l	262	94	265	83
l	262	94	265	104
l	262	94	265	83
l	262	94	253	100
l	247	83	256	76
l	274	76	265	83
l	274	76	285	76
l	274	76	265	83
l	274	76	277	66
l	259	66	256	76
l	294	83	285	76
l	300	66	289	66
l	300	66	309	72
l	247	83	236	83
l	241	100	232	94
l	241	100	253	100
l	227	76	223	66
l	227	76	236	83
l	227	76	223	66
l	227	76	223	87
l	209	76	212	66
l	262	128	265	138
l	262	128	253	121
l	262	128	265	138
l	262	128	265	117
l	280	128	276	138
l	262	149	265	138
l	262	149	253	156
l	262	149	265	138
l	262	149	265	160
l	280	149	276	138
l	241	156	253	156
l	247	173	256	166
l	247	173	236	173
l	241	121	232	128
l	241	121	253	121
l	241	121	232	128
l	241	121	245	111
l	227	111	223	121
l	229	138	232	128
l	229	138	232	149
l	229	138	232	128
l	229	138	220	145
l	214	128	223	121
l	241	156	232	149
l	227	166	223	156
l	227	166	236	173
l	227	111	223	100
l	241	100	232	94
l	241	100	245	111
l	214	94	203	94
l	214	94	223	100
l	214	94	203	94
l	214	94	223	87
l	209	76	200	83
l	262	183	265	173
l	247	173	256	166
l	247	173	244	183
l	274	166	285	166
l	274	166	265	173
l	274	166	285	166
l	274	166	265	160
l	280	149	289	156
l	247	194	256	200
l	247	194	236	194
l	247	194	256	200
l	247	194	244	183
l	262	183	265	194
l	259	211	256	200
l	259	211	256	222
l	259	211	256	200
l	259	211	268	218
l	274	200	265	194
l	247	228	256	222
l	262	239	265	228
l	262	239	253	245
l	418	284	403	273
l	418	284	403	294
l	385	273	403	273
l	385	273	391	290
l	380	256	394	267
l	418	284	403	273
l	418	284	423	267
l	398	256	403	273
l	398	256	416	256
l	380	256	394	267
l	418	284	423	267
l	432	273	427	256
l	432	273	447	263
l	418	284	423	301
l	418	284	403	294
l	418	318	423	301
l	418	318	403	307
l	432	329	427	312
l	418	284	423	301
l	418	284	436	284
l	438	312	423	301
l	438	312	444	294
l	432	329	427	312
l	418	284	436	284
l	432	273	447	284
l	432	273	447	263
l	432	329	414	329
l	418	318	403	329
l	418	318	403	307
l	432	329	427	346
l	432	329	414	329
l	412	356	427	346
l	412	356	407	339
l	418	374	423	356
l	365	301	371	284
l	365	301	383	301
l	385	273	371	284
l	385	273	391	290
l	380	256	374	273
l	365	301	371	284
l	365	301	350	290
l	365	267	371	284
l	365	267	350	277
l	380	256	374	273
l	365	301	350	290
l	347	301	341	284
l	347	301	329	301
l	365	301	371	318
l	365	301	383	301
l	385	329	371	318
l	385	329	391	312
l	380	346	374	329
l	365	301	371	318
l	365	301	350	312
l	365	335	371	318
l	365	335	350	325
l	380	346	374	329
l	365	301	350	312
l	347	301	341	318
l	347	301	329	301
l	380	346	394	335
l	385	329	403	329
l	385	329	391	312
l	380	346	394	356
l	380	346	394	335
l	412	356	394	356
l	412	356	407	339
l	418	374	403	363
l	332	256	338	273
l	327	273	341	284
l	327	273	321	290
l	332	256	350	256
l	332	256	338	273
l	365	267	350	256
l	365	267	350	277
l	380	256	362	256
l	294	284	309	273
l	294	284	309	294
l	327	273	309	273
l	327	273	321	290
l	332	256	318	267
l	294	284	309	273
l	294	284	289	267
l	314	256	309	273
l	314	256	296	256
l	332	256	318	267
l	294	284	289	267
l	280	273	285	256
l	280	273	265	263
l	418	228	403	239
l	418	228	403	218
l	385	239	403	239
l	385	239	391	222
l	380	256	394	245
l	418	228	403	239
l	418	228	423	245
l	398	256	403	239
l	398	256	416	256
l	380	256	394	245
l	418	228	423	245
l	432	239	427	256
l	432	239	447	249
l	418	228	423	211
l	418	228	403	218
l	418	194	423	211
l	418	194	403	205
l	432	183	427	200
l	418	228	423	211
l	418	228	436	228
l	438	200	423	211
l	438	200	444	218
l	432	183	427	200
l	418	228	436	228
l	432	239	447	228
l	432	239	447	249
l	432	183	414	183
l	418	194	403	183
l	418	194	403	205
l	432	183	427	166
l	432	183	414	183
l	412	156	427	166
l	412	156	407	173
l	418	138	423	156
l	365	211	371	228
l	365	211	383	211
l	385	239	371	228
l	385	239	391	222
l	380	256	374	239
l	365	211	371	228
l	365	211	350	222
l	365	245	371	228
l	365	245	350	235
l	380	256	374	239
l	365	211	350	222
l	347	211	341	228
l	347	211	329	211
l	365	211	371	194
l	365	211	383	211
l	385	183	371	194
l	385	183	391	200
l	380	166	374	183
l	365	211	371	194
l	365	211	350	200
l	365	177	371	194
l	365	177	350	187
l	380	166	374	183
l	365	211	350	200
l	347	211	341	194
l	347	211	329	211
l	380	166	394	177
l	385	183	403	183
l	385	183	391	200
l	380	166	394	156
l	380	166	394	177
l	412	156	394	156
l	412	156	407	173
l	418	138	403	149
l	332	256	338	239
l	327	239	341	228
l	327	239	321	222
l	332	256	350	256
l	332	256	338	239
l	365	245	350	256
l	365	245	350	235
l	380	256	362	256
l	294	228	309	239
l	294	228	309	218
l	327	239	309	239
l	327	239	321	222
l	332	256	318	245
l	294	228	309	239
l	294	228	289	245
l	314	256	309	239
l	314	256	296	256
l	332	256	318	245
l	294	228	289	245
l	280	239	285	256
l	280	239	265	249
l	280	418	285	401
l	280	418	265	408
l	280	384	285	401
l	280	384	265	395
l	294	374	289	391
l	280	418	285	401
l	280	418	298	418
l	300	391	285	401
l	300	391	305	408
l	294	374	289	391
l	280	418	298	418
l	294	429	309	418
l	294	429	309	440
l	280	418	265	429
l	280	418	265	408
l	247	429	265	429
l	247	429	253	412
l	241	446	256	436
l	280	418	265	429
l	280	418	285	436
l	259	446	265	429
l	259	446	277	446
l	241	446	256	436
l	280	418	285	436
l	294	429	289	446
l	294	429	309	440
l	241	446	236	429
l	247	429	232	418
l	247	429	253	412
l	241	446	223	446
l	241	446	236	429
l	209	436	223	446
l	209	436	223	425
l	194	446	212	446
l	247	374	265	374
l	247	374	253	391
l	280	384	265	374
l	280	384	265	395
l	294	374	276	374
l	247	374	265	374
l	247	374	253	356
l	280	363	265	374
l	280	363	265	352
l	294	374	276	374
l	247	374	253	356
l	241	356	256	346
l	241	356	236	339
l	247	374	232	384
l	247	374	253	391
l	227	401	232	384
l	227	401	245	401
l	209	401	223	391
l	247	374	232	384
l	247	374	232	363
l	214	384	232	384
l	214	384	220	367
l	209	401	223	391
l	247	374	232	363
l	241	356	223	356
l	241	356	236	339
l	209	401	223	412
l	227	401	232	418
l	227	401	245	401
l	209	401	203	418
l	209	401	223	412
l	209	436	203	418
l	209	436	223	425
l	194	446	200	429
l	280	329	265	339
l	262	329	256	346
l	262	329	244	329
l	280	329	285	346
l	280	329	265	339
l	280	363	285	346
l	280	363	265	352
l	294	374	289	356
l	241	301	256	312
l	241	301	236	318
l	262	329	256	312
l	262	329	244	329
l	280	329	265	318
l	241	301	256	312
l	241	301	256	290
l	274	312	256	312
l	274	312	268	294
l	280	329	265	318
l	241	301	256	290
l	247	284	265	284
l	247	284	253	267
l	332	401	318	391
l	332	401	338	384
l	312	374	318	391
l	312	374	330	374
l	294	374	309	384
l	332	401	318	391
l	332	401	318	412
l	300	391	318	391
l	300	391	305	408
l	294	374	309	384
l	332	401	318	412
l	327	418	309	418
l	327	418	321	436
l	332	401	350	401
l	332	401	338	384
l	365	391	350	401
l	365	391	350	380
l	380	401	362	401
l	332	401	350	401
l	332	401	338	418
l	365	412	350	401
l	365	412	350	423
l	380	401	362	401
l	332	401	338	418
l	327	418	341	429
l	327	418	321	436
l	380	401	374	384
l	365	391	371	374
l	365	391	350	380
l	380	401	394	391
l	380	401	374	384
l	400	374	394	391
l	400	374	382	374
l	418	374	403	384
l	332	346	318	356
l	332	346	338	363
l	312	374	318	356
l	312	374	330	374
l	294	374	309	363
l	332	346	318	356
l	332	346	318	335
l	300	356	318	356
l	300	356	305	339
l	294	374	309	363
l	332	346	318	335
l	327	329	309	329
l	327	329	321	312
l	332	346	350	346
l	332	346	338	363
l	365	356	350	346
l	365	356	350	367
l	380	346	362	346
l	332	346	350	346
l	332	346	338	329
l	365	335	350	346
l	365	335	350	325
l	380	346	362	346
l	332	346	338	329
l	327	329	341	318
l	327	329	321	312
l	380	346	374	363
l	365	356	371	374
l	365	356	350	367
l	380	346	394	356
l	380	346	374	363
l	400	374	394	356
l	400	374	382	374
l	418	374	403	363
l	280	329	298	329
l	294	318	309	329
l	294	318	309	307
l	280	329	285	346
l	280	329	298	329
l	300	356	285	346
l	300	356	305	339
l	294	374	289	356
l	294	284	289	301
l	294	284	309	294
l	294	318	289	301
l	294	318	309	307
l	280	329	285	312
l	294	284	289	301
l	294	284	276	284
l	274	312	289	301
l	274	312	268	294
l	280	329	285	312
l	294	284	276	284
l	280	273	265	284
l	280	273	265	263
l	109	329	127	329
l	109	329	114	312
l	141	318	127	329
l	141	318	127	307
l	156	329	138	329
l	109	329	127	329
l	109	329	114	346
l	141	339	127	329
l	141	339	127	350
l	156	329	138	329
l	109	329	114	346
l	103	346	118	356
l	103	346	98	363
l	109	329	94	318
l	109	329	114	312
l	89	301	94	318
l	89	301	107	301
l	71	301	85	312
l	109	329	94	318
l	109	329	94	339
l	76	318	94	318
l	76	318	82	335
l	71	301	85	312
l	109	329	94	339
l	103	346	85	346
l	103	346	98	363
l	71	301	85	290
l	89	301	94	284
l	89	301	107	301
l	71	301	65	284
l	71	301	85	290
l	71	267	65	284
l	71	267	85	277
l	56	256	62	273
l	141	284	147	301
l	141	284	127	294
l	141	318	147	301
l	141	318	127	307
l	156	329	150	312
l	141	284	147	301
l	141	284	159	284
l	162	312	147	301
l	162	312	167	294
l	156	329	150	312
l	141	284	159	284
l	156	273	171	284
l	156	273	171	263
l	141	284	127	273
l	141	284	127	294
l	109	273	127	273
l	109	273	114	290
l	103	256	118	267
l	141	284	127	273
l	141	284	147	267
l	121	256	127	273
l	121	256	139	256
l	103	256	118	267
l	141	284	147	267
l	156	273	150	256
l	156	273	171	263
l	103	256	98	273
l	109	273	94	284
l	109	273	114	290
l	103	256	85	256
l	103	256	98	273
l	71	267	85	256
l	71	267	85	277
l	56	256	74	256
l	194	301	180	290
l	189	284	171	284
l	189	284	183	267
l	194	301	180	312
l	194	301	180	290
l	162	312	180	312
l	162	312	167	294
l	156	329	171	318
l	209	256	203	273
l	209	256	191	256
l	189	284	203	273
l	189	284	183	267
l	194	301	200	284
l	209	256	203	273
l	209	256	223	267
l	209	290	203	273
l	209	290	223	280
l	194	301	200	284
l	209	256	223	267
l	227	256	232	273
l	227	256	245	256
l	141	374	147	356
l	141	374	159	374
l	162	346	147	356
l	162	346	167	363
l	156	329	150	346
l	141	374	147	356
l	141	374	127	363
l	141	339	147	356
l	141	339	127	350
l	156	329	150	346
l	141	374	127	363
l	123	374	118	356
l	123	374	105	374
l	141	374	147	391
l	141	374	159	374
l	162	401	147	391
l	162	401	167	384
l	156	418	150	401
l	141	374	147	391
l	141	374	127	384
l	141	408	147	391
l	141	408	127	397
l	156	418	150	401
l	141	374	127	384
l	123	374	118	391
l	123	374	105	374
l	156	418	171	408
l	162	401	180	401
l	162	401	167	384
l	156	418	171	429
l	156	418	171	408
l	189	429	171	429
l	189	429	183	412
l	194	446	180	436
l	194	356	180	346
l	194	356	180	367
l	162	346	180	346
l	162	346	167	363
l	156	329	171	339
l	194	356	180	346
l	194	356	200	339
l	174	329	180	346
l	174	329	192	329
l	156	329	171	339
l	194	356	200	339
l	209	346	203	329
l	209	346	223	335
l	194	356	200	374
l	194	356	180	367
l	194	391	200	374
l	194	391	180	380
l	209	401	203	384
l	194	356	200	374
l	194	356	212	356
l	214	384	200	374
l	214	384	220	367
l	209	401	203	384
l	194	356	212	356
l	209	346	223	356
l	209	346	223	335
l	209	401	191	401
l	194	391	180	401
l	194	391	180	380
l	209	401	203	418
l	209	401	191	401
l	189	429	203	418
l	189	429	183	412
l	194	446	200	429
l	194	301	200	318
l	209	312	203	329
l	209	312	223	322
l	194	301	180	312
l	194	301	200	318
l	174	329	180	312
l	174	329	192	329
l	156	329	171	318
l	241	301	223	301
l	241	301	236	318
l	209	312	223	301
l	209	312	223	322
l	194	301	212	301
l	241	301	223	301
l	241	301	236	284
l	209	290	223	301
l	209	290	223	280
l	194	301	212	301
l	241	301	236	284
l	247	284	232	273
l	247	284	253	267
l	141	138	147	156
l	141	138	159	138
l	162	166	147	156
l	162	166	167	149
l	156	183	150	166
l	141	138	147	156
l	141	138	127	149
l	141	173	147	156
l	141	173	127	162
l	156	183	150	166
l	141	138	127	149
l	123	138	118	156
l	123	138	105	138
l	141	138	147	121
l	141	138	159	138
l	162	111	147	121
l	162	111	167	128
l	156	94	150	111
l	141	138	147	121
l	141	138	127	128
l	141	104	147	121
l	141	104	127	115
l	156	94	150	111
l	141	138	127	128
l	123	138	118	121
l	123	138	105	138
l	156	94	171	104
l	162	111	180	111
l	162	111	167	128
l	156	94	171	83
l	156	94	171	104
l	189	83	171	83
l	189	83	183	100
l	194	66	180	76
l	194	156	180	166
l	194	156	180	145
l	162	166	180	166
l	162	166	167	149
l	156	183	171	173
l	194	156	180	166
l	194	156	200	173
l	174	183	180	166
l	174	183	192	183
l	156	183	171	173
l	194	156	200	173
l	209	166	203	183
l	209	166	223	177
l	194	156	200	138
l	194	156	180	145
l	194	121	200	138
l	194	121	180	132
l	209	111	203	128
l	194	156	200	138
l	194	156	212	156
l	214	128	200	138
l	214	128	220	145
l	209	111	203	128
l	194	156	212	156
l	209	166	223	156
l	209	166	223	177
l	209	111	191	111
l	194	121	180	111
l	194	121	180	132
l	209	111	203	94
l	209	111	191	111
l	189	83	203	94
l	189	83	183	100
l	194	66	200	83
l	194	211	200	194
l	209	200	203	183
l	209	200	223	190
l	194	211	180	200
l	194	211	200	194
l	174	183	180	200
l	174	183	192	183
l	156	183	171	194
l	241	211	223	211
l	241	211	236	194
l	209	200	223	211
l	209	200	223	190
l	194	211	212	211
l	241	211	223	211
l	241	211	236	228
l	209	222	223	211
l	209	222	223	232
l	194	211	212	211
l	241	211	236	228
l	247	228	232	239
l	247	228	253	245
l	109	183	127	183
l	109	183	114	200
l	141	194	127	183
l	141	194	127	205
l	156	183	138	183
l	109	183	127	183
l	109	183	114	166
l	141	173	127	183
l	141	173	127	162
l	156	183	138	183
l	109	183	114	166
l	103	166	118	156
l	103	166	98	149
l	109	183	94	194
l	109	183	114	200
l	89	211	94	194
l	89	211	107	211
l	71	211	85	200
l	109	183	94	194
l	109	183	94	173
l	76	194	94	194
l	76	194	82	177
l	71	211	85	200
l	109	183	94	173
l	103	166	85	166
l	103	166	98	149
l	71	211	85	222
l	89	211	94	228
l	89	211	107	211
l	71	211	65	228
l	71	211	85	222
l	71	245	65	228
l	71	245	85	235
l	56	256	62	239
l	141	228	147	211
l	141	228	127	218
l	141	194	147	211
l	141	194	127	205
l	156	183	150	200
l	141	228	147	211
l	141	228	159	228
l	162	200	147	211
l	162	200	167	218
l	156	183	150	200
l	141	228	159	228
l	156	239	171	228
l	156	239	171	249
l	141	228	127	239
l	141	228	127	218
l	109	239	127	239
l	109	239	114	222
l	103	256	118	245
l	141	228	127	239
l	141	228	147	245
l	121	256	127	239
l	121	256	139	256
l	103	256	118	245
l	141	228	147	245
l	156	239	150	256
l	156	239	171	249
l	103	256	98	239
l	109	239	94	228
l	109	239	114	222
l	103	256	85	256
l	103	256	98	239
l	71	245	85	256
l	71	245	85	235
l	56	256	74	256
l	194	211	180	222
l	189	228	171	228
l	189	228	183	245
l	194	211	180	200
l	194	211	180	222
l	162	200	180	200
l	162	200	167	218
l	156	183	171	194
l	209	256	203	239
l	209	256	191	256
l	189	228	203	239
l	189	228	183	245
l	194	211	200	228
l	209	256	203	239
l	209	256	223	245
l	209	222	203	239
l	209	222	223	232
l	194	211	200	228
l	209	256	223	245
l	227	256	232	239
l	227	256	245	256
l	332	111	318	121
l	332	111	338	128
l	312	138	318	121
l	312	138	330	138
l	294	138	309	128
l	332	111	318	121
l	332	111	318	100
l	300	121	318	121
l	300	121	305	104
l	294	138	309	128
l	332	111	318	100
l	327	94	309	94
l	327	94	321	76
l	332	111	350	111
l	332	111	338	128
l	365	121	350	111
l	365	121	350	132
l	380	111	362	111
l	332	111	350	111
l	332	111	338	94
l	365	100	350	111
l	365	100	350	89
l	380	111	362	111
l	332	111	338	94
l	327	94	341	83
l	327	94	321	76
l	380	111	374	128
l	365	121	371	138
l	365	121	350	132
l	380	111	394	121
l	380	111	374	128
l	400	138	394	121
l	400	138	382	138
l	418	138	403	128
l	332	166	318	156
l	332	166	338	149
l	312	138	318	156
l	312	138	330	138
l	294	138	309	149
l	332	166	318	156
l	332	166	318	177
l	300	156	318	156
l	300	156	305	173
l	294	138	309	149
l	332	166	318	177
l	327	183	309	183
l	327	183	321	200
l	332	166	350	166
l	332	166	338	149
l	365	156	350	166
l	365	156	350	145
l	380	166	362	166
l	332	166	350	166
l	332	166	338	183
l	365	177	350	166
l	365	177	350	187
l	380	166	362	166
l	332	166	338	183
l	327	183	341	194
l	327	183	321	200
l	380	166	374	149
l	365	156	371	138
l	365	156	350	145
l	380	166	394	156
l	380	166	374	149
l	400	138	394	156
l	400	138	382	138
l	418	138	403	149
l	280	183	298	183
l	294	194	309	183
l	294	194	309	205
l	280	183	285	166
l	280	183	298	183
l	300	156	285	166
l	300	156	305	173
l	294	138	289	156
l	294	228	289	211
l	294	228	309	218
l	294	194	289	211
l	294	194	309	205
l	280	183	285	200
l	294	228	289	211
l	294	228	276	228
l	274	200	289	211
l	274	200	268	218
l	280	183	285	200
l	294	228	276	228
l	280	239	265	228
l	280	239	265	249
l	280	94	285	111
l	280	94	265	104
l	280	128	285	111
l	280	128	265	117
l	294	138	289	121
l	280	94	285	111
l	280	94	298	94
l	300	121	285	111
l	300	121	305	104
l	294	138	289	121
l	280	94	298	94
l	294	83	309	94
l	294	83	309	72
l	280	94	265	83
l	280	94	265	104
l	247	83	265	83
l	247	83	253	100
l	241	66	256	76
l	280	94	265	83
l	280	94	285	76
l	259	66	265	83
l	259	66	277	66
l	241	66	256	76
l	280	94	285	76
l	294	83	289	66
l	294	83	309	72
l	241	66	236	83
l	247	83	232	94
l	247	83	253	100
l	241	66	223	66
l	241	66	236	83
l	209	76	223	66
l	209	76	223	87
l	194	66	212	66
l	247	138	265	138
l	247	138	253	121
l	280	128	265	138
l	280	128	265	117
l	294	138	276	138
l	247	138	265	138
l	247	138	253	156
l	280	149	265	138
l	280	149	265	160
l	294	138	276	138
l	247	138	253	156
l	241	156	256	166
l	241	156	236	173
l	247	138	232	128
l	247	138	253	121
l	227	111	232	128
l	227	111	245	111
l	209	111	223	121
l	247	138	232	128
l	247	138	232	149
l	214	128	232	128
l	214	128	220	145
l	209	111	223	121
l	247	138	232	149
l	241	156	223	156
l	241	156	236	173
l	209	111	223	100
l	227	111	232	94
l	227	111	245	111
l	209	111	203	94
l	209	111	223	100
l	209	76	203	94
l	209	76	223	87
l	194	66	200	83
l	280	183	265	173
l	262	183	256	166
l	262	183	244	183
l	280	183	285	166
l	280	183	265	173
l	280	149	285	166
l	280	149	265	160
l	294	138	289	156
l	241	211	256	200
l	241	211	236	194
l	262	183	256	200
l	262	183	244	183
l	280	183	265	194
l	241	211	256	200
l	241	211	256	222
l	274	200	256	200
l	274	200	268	218
l	280	183	265	194
l	241	211	256	222
l	247	228	265	228
l	247	228	253	245
l	394	301	400	284
l	394	301	400	284
l	403	273	385	273
l	427	256	412	267
l	427	256	412	267
l	403	273	398	256
l	427	256	432	273
l	456	256	438	256
l	394	301	412	301
l	394	301	412	301
l	423	301	418	318
l	447	284	432	294
l	447	284	432	294
l	423	301	438	312
l	447	284	432	273
l	456	256	450	273
l	403	329	418	318
l	394	301	400	318
l	403	329	418	339
l	403	329	418	339
l	427	346	412	356
l	394	301	380	290
l	394	301	380	290
l	371	284	385	273
l	341	284	359	284
l	341	284	359	284
l	371	284	365	267
l	341	284	347	301
l	318	301	332	290
l	394	301	380	312
l	394	301	380	312
l	371	318	385	329
l	341	318	359	318
l	341	318	359	318
l	371	318	365	335
l	341	318	347	301
l	318	301	332	312
l	403	329	385	329
l	394	301	400	318
l	403	329	398	346
l	403	329	398	346
l	394	356	412	356
l	341	284	327	273
l	318	301	332	290
l	341	284	347	267
l	341	284	347	267
l	350	256	365	267
l	318	301	312	284
l	318	301	312	284
l	309	273	327	273
l	285	256	300	267
l	285	256	300	267
l	309	273	314	256
l	285	256	280	273
l	256	256	274	256
l	394	211	400	228
l	394	211	400	228
l	403	239	385	239
l	427	256	412	245
l	427	256	412	245
l	403	239	398	256
l	427	256	432	239
l	456	256	438	256
l	394	211	412	211
l	394	211	412	211
l	423	211	418	194
l	447	228	432	218
l	447	228	432	218
l	423	211	438	200
l	447	228	432	239
l	456	256	450	239
l	403	183	418	194
l	394	211	400	194
l	403	183	418	173
l	403	183	418	173
l	427	166	412	156
l	394	211	380	222
l	394	211	380	222
l	371	228	385	239
l	341	228	359	228
l	341	228	359	228
l	371	228	365	245
l	341	228	347	211
l	318	211	332	222
l	394	211	380	200
l	394	211	380	200
l	371	194	385	183
l	341	194	359	194
l	341	194	359	194
l	371	194	365	177
l	341	194	347	211
l	318	211	332	200
l	403	183	385	183
l	394	211	400	194
l	403	183	398	166
l	403	183	398	166
l	394	156	412	156
l	341	228	327	239
l	318	211	332	222
l	341	228	347	245
l	341	228	347	245
l	350	256	365	245
l	318	211	312	228
l	318	211	312	228
l	309	239	327	239
l	285	256	300	245
l	285	256	300	245
l	309	239	314	256
l	285	256	280	239
l	256	256	274	256
l	256	401	274	401
l	256	401	274	401
l	285	401	280	384
l	309	418	294	408
l	309	418	294	408
l	285	401	300	391
l	309	418	294	429
l	318	446	312	429
l	256	401	262	418
l	256	401	262	418
l	265	429	247	429
l	289	446	274	436
l	289	446	274	436
l	265	429	259	446
l	289	446	294	429
l	318	446	300	446
l	232	418	247	429
l	256	401	241	412
l	232	418	227	436
l	232	418	227	436
l	223	446	209	436
l	256	401	262	384
l	256	401	262	384
l	265	374	280	384
l	256	346	262	363
l	256	346	262	363
l	265	374	280	363
l	256	346	241	356
l	232	329	247	339
l	256	401	241	391
l	256	401	241	391
l	232	384	227	401
l	223	356	229	374
l	223	356	229	374
l	232	384	214	384
l	223	356	241	356
l	232	329	227	346
l	232	418	227	401
l	256	401	241	412
l	232	418	214	418
l	232	418	214	418
l	203	418	209	436
l	256	346	262	329
l	232	329	247	339
l	256	346	274	346
l	256	346	274	346
l	285	346	280	363
l	232	329	247	318
l	232	329	247	318
l	256	312	262	329
l	265	284	259	301
l	265	284	259	301
l	256	312	274	312
l	265	284	247	284
l	256	256	262	273
l	341	374	327	384
l	341	374	327	384
l	318	391	312	374
l	309	418	314	401
l	309	418	314	401
l	318	391	300	391
l	309	418	327	418
l	318	446	312	429
l	341	374	347	391
l	341	374	347	391
l	350	401	365	391
l	341	429	347	412
l	341	429	347	412
l	350	401	365	412
l	341	429	327	418
l	318	446	332	436
l	371	374	365	391
l	341	374	359	374
l	371	374	385	384
l	371	374	385	384
l	394	391	400	374
l	341	374	327	363
l	341	374	327	363
l	318	356	312	374
l	309	329	314	346
l	309	329	314	346
l	318	356	300	356
l	309	329	327	329
l	318	301	312	318
l	341	374	347	356
l	341	374	347	356
l	350	346	365	356
l	341	318	347	335
l	341	318	347	335
l	350	346	365	335
l	341	318	327	329
l	318	301	332	312
l	371	374	365	356
l	341	374	359	374
l	371	374	385	363
l	371	374	385	363
l	394	356	400	374
l	309	329	294	318
l	318	301	312	318
l	309	329	294	339
l	309	329	294	339
l	285	346	300	356
l	318	301	300	301
l	318	301	300	301
l	289	301	294	318
l	265	284	280	294
l	265	284	280	294
l	289	301	274	312
l	265	284	280	273
l	256	256	262	273
l	118	301	123	318
l	118	301	123	318
l	127	329	141	318
l	118	356	123	339
l	118	356	123	339
l	127	329	141	339
l	118	356	103	346
l	94	374	109	363
l	118	301	103	312
l	118	301	103	312
l	94	318	89	301
l	85	346	91	329
l	85	346	91	329
l	94	318	76	318
l	85	346	103	346
l	94	374	89	356
l	94	284	89	301
l	118	301	103	290
l	94	284	76	284
l	94	284	76	284
l	65	284	71	267
l	118	301	136	301
l	118	301	136	301
l	147	301	141	318
l	171	284	156	294
l	171	284	156	294
l	147	301	162	312
l	171	284	156	273
l	180	256	174	273
l	118	301	123	284
l	118	301	123	284
l	127	273	109	273
l	150	256	136	267
l	150	256	136	267
l	127	273	121	256
l	150	256	156	273
l	180	256	162	256
l	94	284	109	273
l	118	301	103	290
l	94	284	89	267
l	94	284	89	267
l	85	256	71	267
l	171	284	189	284
l	180	256	174	273
l	171	284	176	301
l	171	284	176	301
l	180	312	162	312
l	180	256	194	267
l	180	256	194	267
l	203	273	189	284
l	232	273	214	273
l	232	273	214	273
l	203	273	209	290
l	232	273	227	256
l	256	256	241	267
l	171	374	156	363
l	171	374	156	363
l	147	356	162	346
l	118	356	136	356
l	118	356	136	356
l	147	356	141	339
l	118	356	123	374
l	94	374	109	363
l	171	374	156	384
l	171	374	156	384
l	147	391	162	401
l	118	391	136	391
l	118	391	136	391
l	147	391	141	408
l	118	391	123	374
l	94	374	109	384
l	180	401	162	401
l	171	374	176	391
l	180	401	174	418
l	180	401	174	418
l	171	429	189	429
l	171	374	176	356
l	171	374	176	356
l	180	346	162	346
l	203	329	189	339
l	203	329	189	339
l	180	346	174	329
l	203	329	209	346
l	232	329	214	329
l	171	374	189	374
l	171	374	189	374
l	200	374	194	391
l	223	356	209	367
l	223	356	209	367
l	200	374	214	384
l	223	356	209	346
l	232	329	227	346
l	180	401	194	391
l	171	374	176	391
l	180	401	194	412
l	180	401	194	412
l	203	418	189	429
l	203	329	209	312
l	232	329	214	329
l	203	329	189	318
l	203	329	189	318
l	180	312	174	329
l	232	329	227	312
l	232	329	227	312
l	223	301	209	312
l	232	273	227	290
l	232	273	227	290
l	223	301	209	290
l	232	273	247	284
l	256	256	241	267
l	171	138	156	149
l	171	138	156	149
l	147	156	162	166
l	118	156	136	156
l	118	156	136	156
l	147	156	141	173
l	118	156	123	138
l	94	138	109	149
l	171	138	156	128
l	171	138	156	128
l	147	121	162	111
l	118	121	136	121
l	118	121	136	121
l	147	121	141	104
l	118	121	123	138
l	94	138	109	128
l	180	111	162	111
l	171	138	176	121
l	180	111	174	94
l	180	111	174	94
l	171	83	189	83
l	171	138	176	156
l	171	138	176	156
l	180	166	162	166
l	203	183	189	173
l	203	183	189	173
l	180	166	174	183
l	203	183	209	166
l	232	183	214	183
l	171	138	189	138
l	171	138	189	138
l	200	138	194	121
l	223	156	209	145
l	223	156	209	145
l	200	138	214	128
l	223	156	209	166
l	232	183	227	166
l	180	111	194	121
l	171	138	176	121
l	180	111	194	100
l	180	111	194	100
l	203	94	189	83
l	203	183	209	200
l	232	183	214	183
l	203	183	189	194
l	203	183	189	194
l	180	200	174	183
l	232	183	227	200
l	232	183	227	200
l	223	211	209	200
l	232	239	227	222
l	232	239	227	222
l	223	211	209	222
l	232	239	247	228
l	256	256	241	245
l	118	211	123	194
l	118	211	123	194
l	127	183	141	194
l	118	156	123	173
l	118	156	123	173
l	127	183	141	173
l	118	156	103	166
l	94	138	109	149
l	118	211	103	200
l	118	211	103	200
l	94	194	89	211
l	85	166	91	183
l	85	166	91	183
l	94	194	76	194
l	85	166	103	166
l	94	138	89	156
l	94	228	89	211
l	118	211	103	222
l	94	228	76	228
l	94	228	76	228
l	65	228	71	245
l	118	211	136	211
l	118	211	136	211
l	147	211	141	194
l	171	228	156	218
l	171	228	156	218
l	147	211	162	200
l	171	228	156	239
l	180	256	174	239
l	118	211	123	228
l	118	211	123	228
l	127	239	109	239
l	150	256	136	245
l	150	256	136	245
l	127	239	121	256
l	150	256	156	239
l	180	256	162	256
l	94	228	109	239
l	118	211	103	222
l	94	228	89	245
l	94	228	89	245
l	85	256	71	245
l	171	228	189	228
l	180	256	174	239
l	171	228	176	211
l	171	228	176	211
l	180	200	162	200
l	180	256	194	245
l	180	256	194	245
l	203	239	189	228
l	232	239	214	239
l	232	239	214	239
l	203	239	209	222
l	232	239	227	256
l	256	256	241	245
l	341	138	327	128
l	341	138	327	128
l	318	121	312	138
l	309	94	314	111
l	309	94	314	111
l	318	121	300	121
l	309	94	327	94
l	318	66	312	83
l	341	138	347	121
l	341	138	347	121
l	350	111	365	121
l	341	83	347	100
l	341	83	347	100
l	350	111	365	100
l	341	83	327	94
l	318	66	332	76
l	371	138	365	121
l	341	138	359	138
l	371	138	385	128
l	371	138	385	128
l	394	121	400	138
l	341	138	327	149
l	341	138	327	149
l	318	156	312	138
l	309	183	314	166
l	309	183	314	166
l	318	156	300	156
l	309	183	327	183
l	318	211	312	194
l	341	138	347	156
l	341	138	347	156
l	350	166	365	156
l	341	194	347	177
l	341	194	347	177
l	350	166	365	177
l	341	194	327	183
l	318	211	332	200
l	371	138	365	156
l	341	138	359	138
l	371	138	385	149
l	371	138	385	149
l	394	156	400	138
l	309	183	294	194
l	318	211	312	194
l	309	183	294	173
l	309	183	294	173
l	285	166	300	156
l	318	211	300	211
l	318	211	300	211
l	289	211	294	194
l	265	228	280	218
l	265	228	280	218
l	289	211	274	200
l	265	228	280	239
l	256	256	262	239
l	256	111	274	111
l	256	111	274	111
l	285	111	280	128
l	309	94	294	104
l	309	94	294	104
l	285	111	300	121
l	309	94	294	83
l	318	66	312	83
l	256	111	262	94
l	256	111	262	94
l	265	83	247	83
l	289	66	274	76
l	289	66	274	76
l	265	83	259	66
l	289	66	294	83
l	318	66	300	66
l	232	94	247	83
l	256	111	241	100
l	232	94	227	76
l	232	94	227	76
l	223	66	209	76
l	256	111	262	128
l	256	111	262	128
l	265	138	280	128
l	256	166	262	149
l	256	166	262	149
l	265	138	280	149
l	256	166	241	156
l	232	183	247	173
l	256	111	241	121
l	256	111	241	121
l	232	128	227	111
l	223	156	229	138
l	223	156	229	138
l	232	128	214	128
l	223	156	241	156
l	232	183	227	166
l	232	94	227	111
l	256	111	241	100
l	232	94	214	94
l	232	94	214	94
l	203	94	209	76
l	256	166	262	183
l	232	183	247	173
l	256	166	274	166
l	256	166	274	166
l	285	166	280	149
l	232	183	247	194
l	232	183	247	194
l	256	200	262	183
l	265	228	259	211
l	265	228	259	211
l	256	200	274	200
l	265	228	247	228
l	256	256	262	239