# redsphere, automatically generated by makesphere.py
# 2013-02-02 02:06:52.723439
c 0.00 0.10 0.30
t 409 385 408 386 420 371
c 0.00 0.10 0.30
t 408 386 419 372 420 371
c 0.00 0.10 0.30
t 420 371 419 372 429 356
c 0.00 0.10 0.30
t 419 372 429 357 429 356
c 0.00 0.10 0.30
t 429 356 429 357 438 341
c 0.00 0.10 0.30
t 429 357 437 341 438 341
c 0.00 0.10 0.30
t 438 341 437 341 444 324
c 0.00 0.10 0.30
t 437 341 444 325 444 324
c 0.00 0.10 0.30
t 444 324 444 325 450 308
c 0.00 0.10 0.30
t 444 325 449 308 450 308
c 0.00 0.10 0.30
t 450 308 449 308 453 291
c 0.00 0.10 0.30
t 449 308 453 291 453 291
c 0.00 0.10 0.30
t 453 291 453 291 456 273
c 0.00 0.10 0.30
t 453 291 455 273 456 273
c 0.00 0.10 0.30
t 456 273 455 273 456 256
c 0.00 0.10 0.30
t 455 273 456 256 456 256
c 0.00 0.10 0.30
t 456 256 456 256 456 238
c 0.00 0.10 0.30
t 456 256 455 238 456 238
c 0.00 0.10 0.30
t 456 238 455 238 453 220
c 0.00 0.10 0.30
t 455 238 453 220 453 220
c 0.00 0.10 0.30
t 453 220 453 220 450 203
c 0.04 0.11 0.30
t 453 220 449 203 450 203
c 0.06 0.11 0.30
t 450 203 449 203 444 187
c 0.10 0.12 0.30
t 449 203 444 186 444 187
c 0.12 0.12 0.30
t 444 187 444 186 438 170
c 0.16 0.13 0.30
t 444 186 437 170 438 170
c 0.18 0.14 0.30
t 438 170 437 170 429 155
c 0.21 0.14 0.30
t 437 170 429 154 429 155
c 0.24 0.15 0.30
t 429 155 429 154 420 140
c 0.27 0.15 0.30
t 429 154 419 139 420 140
c 0.29 0.16 0.30
t 420 140 419 139 409 126
c 0.33 0.17 0.30
t 419 139 408 125 409 126
c 0.00 0.10 0.30
t 339 438 338 439 355 430
c 0.00 0.10 0.30
t 338 439 353 431 355 430
c 0.00 0.10 0.30
t 355 430 353 431 370 421
c 0.00 0.10 0.30
t 353 431 368 422 370 421
c 0.00 0.10 0.30
t 370 421 368 422 384 410
c 0.00 0.10 0.30
t 368 422 382 411 384 410
c 0.00 0.10 0.30
t 384 410 382 411 397 399
c 0.00 0.10 0.30
t 382 411 395 400 397 399
c 0.00 0.10 0.30
t 397 399 395 400 408 386
c 0.00 0.10 0.30
t 395 400 406 387 408 386
c 0.00 0.10 0.30
t 408 386 406 387 419 372
c 0.00 0.10 0.30
t 406 387 417 373 419 372
c 0.00 0.10 0.30
t 419 372 417 373 429 357
c 0.00 0.10 0.30
t 417 373 427 358 429 357
c 0.00 0.10 0.30
t 429 357 427 358 437 341
c 0.00 0.10 0.30
t 427 358 435 342 437 341
c 0.00 0.10 0.30
t 437 341 435 342 444 325
c 0.00 0.10 0.30
t 435 342 442 326 444 325
c 0.00 0.10 0.30
t 444 325 442 326 449 308
c 0.00 0.10 0.30
t 442 326 447 309 449 308
c 0.00 0.10 0.30
t 449 308 447 309 453 291
c 0.00 0.10 0.30
t 447 309 451 291 453 291
c 0.00 0.10 0.30
t 453 291 451 291 455 273
c 0.00 0.10 0.30
t 451 291 453 273 455 273
c 0.00 0.10 0.30
t 455 273 453 273 456 256
c 0.00 0.10 0.30
t 453 273 454 256 456 256
c 0.00 0.10 0.30
t 456 256 454 256 455 238
c 0.00 0.10 0.30
t 454 256 453 238 455 238
c 0.00 0.10 0.30
t 455 238 453 238 453 220
c 0.04 0.11 0.30
t 453 238 451 220 453 220
c 0.06 0.11 0.30
t 453 220 451 220 449 203
c 0.10 0.12 0.30
t 451 220 447 202 449 203
c 0.12 0.12 0.30
t 449 203 447 202 444 186
c 0.16 0.13 0.30
t 447 202 442 185 444 186
c 0.17 0.13 0.30
t 444 186 442 185 437 170
c 0.21 0.14 0.30
t 442 185 435 169 437 170
c 0.23 0.15 0.30
t 437 170 435 169 429 154
c 0.27 0.15 0.30
t 435 169 427 153 429 154
c 0.29 0.16 0.30
t 429 154 427 153 419 139
c 0.32 0.16 0.30
t 427 153 417 138 419 139
c 0.34 0.17 0.30
t 419 139 417 138 408 125
c 0.38 0.18 0.30
t 417 138 406 124 408 125
c 0.39 0.18 0.30
t 408 125 406 124 397 112
c 0.43 0.19 0.30
t 406 124 395 111 397 112
c 0.44 0.19 0.30
t 397 112 395 111 384 101
c 0.47 0.19 0.30
t 395 111 382 100 384 101
c 0.49 0.20 0.30
t 384 101 382 100 370 90
c 0.51 0.20 0.30
t 382 100 368 89 370 90
c 0.53 0.21 0.30
t 370 90 368 89 355 81
c 0.55 0.21 0.30
t 368 89 353 80 355 81
c 0.57 0.21 0.30
t 355 81 353 80 339 73
c 0.59 0.22 0.30
t 353 80 338 72 339 73
c 0.00 0.10 0.30
t 322 445 321 446 338 439
c 0.00 0.10 0.30
t 321 446 336 439 338 439
c 0.00 0.10 0.30
t 338 439 336 439 353 431
c 0.00 0.10 0.30
t 336 439 351 432 353 431
c 0.00 0.10 0.30
t 353 431 351 432 368 422
c 0.00 0.10 0.30
t 351 432 365 423 368 422
c 0.00 0.10 0.30
t 368 422 365 423 382 411
c 0.00 0.10 0.30
t 365 423 379 412 382 411
c 0.00 0.10 0.30
t 382 411 379 412 395 400
c 0.00 0.10 0.30
t 379 412 392 400 395 400
c 0.00 0.10 0.30
t 395 400 392 400 406 387
c 0.00 0.10 0.30
t 392 400 403 388 406 387
c 0.00 0.10 0.30
t 406 387 403 388 417 373
c 0.00 0.10 0.30
t 403 388 414 374 417 373
c 0.00 0.10 0.30
t 417 373 414 374 427 358
c 0.00 0.10 0.30
t 414 374 423 359 427 358
c 0.00 0.10 0.30
t 427 358 423 359 435 342
c 0.00 0.10 0.30
t 423 359 431 343 435 342
c 0.00 0.10 0.30
t 435 342 431 343 442 326
c 0.00 0.10 0.30
t 431 343 438 326 442 326
c 0.00 0.10 0.30
t 442 326 438 326 447 309
c 0.00 0.10 0.30
t 438 326 443 309 447 309
c 0.00 0.10 0.30
t 447 309 443 309 451 291
c 0.00 0.10 0.30
t 443 309 447 291 451 291
c 0.00 0.10 0.30
t 451 291 447 291 453 273
c 0.00 0.10 0.30
t 447 291 449 274 453 273
c 0.00 0.10 0.30
t 453 273 449 274 454 256
c 0.00 0.10 0.30
t 449 274 450 256 454 256
c 0.00 0.10 0.30
t 454 256 450 256 453 238
c 0.04 0.11 0.30
t 450 256 449 237 453 238
c 0.06 0.11 0.30
t 453 238 449 237 451 220
c 0.10 0.12 0.30
t 449 237 447 220 451 220
c 0.12 0.12 0.30
t 451 220 447 220 447 202
c 0.16 0.13 0.30
t 447 220 443 202 447 202
c 0.18 0.14 0.30
t 447 202 443 202 442 185
c 0.22 0.14 0.30
t 443 202 438 185 442 185
c 0.23 0.15 0.30
t 442 185 438 185 435 169
c 0.27 0.15 0.30
t 438 185 431 168 435 169
c 0.29 0.16 0.30
t 435 169 431 168 427 153
c 0.33 0.17 0.30
t 431 168 423 152 427 153
c 0.34 0.17 0.30
t 427 153 423 152 417 138
c 0.38 0.18 0.30
t 423 152 414 137 417 138
c 0.39 0.18 0.30
t 417 138 414 137 406 124
c 0.43 0.19 0.30
t 414 137 403 123 406 124
c 0.44 0.19 0.30
t 406 124 403 123 395 111
c 0.47 0.19 0.30
t 403 123 392 111 395 111
c 0.49 0.20 0.30
t 395 111 392 111 382 100
c 0.51 0.20 0.30
t 392 111 379 99 382 100
c 0.53 0.21 0.30
t 382 100 379 99 368 89
c 0.55 0.21 0.30
t 379 99 365 88 368 89
c 0.56 0.21 0.30
t 368 89 365 88 353 80
c 0.59 0.22 0.30
t 365 88 351 79 353 80
c 0.60 0.22 0.30
t 353 80 351 79 338 72
c 0.61 0.22 0.30
t 351 79 336 72 338 72
c 0.62 0.22 0.30
t 338 72 336 72 322 66
c 0.64 0.23 0.30
t 336 72 321 65 322 66
c 0.00 0.10 0.30
t 305 450 303 451 321 446
c 0.00 0.10 0.30
t 303 451 318 446 321 446
c 0.00 0.10 0.30
t 321 446 318 446 336 439
c 0.00 0.10 0.30
t 318 446 333 440 336 439
c 0.00 0.10 0.30
t 336 439 333 440 351 432
c 0.00 0.10 0.30
t 333 440 348 432 351 432
c 0.00 0.10 0.30
t 351 432 348 432 365 423
c 0.00 0.10 0.30
t 348 432 362 423 365 423
c 0.00 0.10 0.30
t 365 423 362 423 379 412
c 0.00 0.10 0.30
t 362 423 375 413 379 412
c 0.00 0.10 0.30
t 379 412 375 413 392 400
c 0.00 0.10 0.30
t 375 413 388 401 392 400
c 0.00 0.10 0.30
t 392 400 388 401 403 388
c 0.00 0.10 0.30
t 388 401 399 388 403 388
c 0.00 0.10 0.30
t 403 388 399 388 414 374
c 0.00 0.10 0.30
t 399 388 409 374 414 374
c 0.00 0.10 0.30
t 414 374 409 374 423 359
c 0.00 0.10 0.30
t 409 374 418 359 423 359
c 0.00 0.10 0.30
t 423 359 418 359 431 343
c 0.00 0.10 0.30
t 418 359 426 343 431 343
c 0.00 0.10 0.30
t 431 343 426 343 438 326
c 0.00 0.10 0.30
t 426 343 433 327 438 326
c 0.00 0.10 0.30
t 438 326 433 327 443 309
c 0.00 0.10 0.30
t 433 327 438 309 443 309
c 0.00 0.10 0.30
t 443 309 438 309 447 291
c 0.00 0.10 0.30
t 438 309 442 292 447 291
c 0.00 0.10 0.30
t 447 291 442 292 449 274
c 0.00 0.10 0.30
t 442 292 444 274 449 274
c 0.00 0.10 0.30
t 449 274 444 274 450 256
c 0.04 0.11 0.30
t 444 274 445 256 450 256
c 0.06 0.11 0.30
t 450 256 445 256 449 237
c 0.10 0.12 0.30
t 445 256 444 237 449 237
c 0.12 0.12 0.30
t 449 237 444 237 447 220
c 0.16 0.13 0.30
t 444 237 442 219 447 220
c 0.18 0.14 0.30
t 447 220 442 219 443 202
c 0.22 0.14 0.30
t 442 219 438 202 443 202
c 0.24 0.15 0.30
t 443 202 438 202 438 185
c 0.28 0.16 0.30
t 438 202 433 184 438 185
c 0.29 0.16 0.30
t 438 185 433 184 431 168
c 0.33 0.17 0.30
t 433 184 426 168 431 168
c 0.35 0.17 0.30
t 431 168 426 168 423 152
c 0.38 0.18 0.30
t 426 168 418 152 423 152
c 0.40 0.18 0.30
t 423 152 418 152 414 137
c 0.43 0.19 0.30
t 418 152 409 137 414 137
c 0.44 0.19 0.30
t 414 137 409 137 403 123
c 0.48 0.20 0.30
t 409 137 399 123 403 123
c 0.49 0.20 0.30
t 403 123 399 123 392 111
c 0.52 0.20 0.30
t 399 123 388 110 392 111
c 0.53 0.21 0.30
t 392 111 388 110 379 99
c 0.56 0.21 0.30
t 388 110 375 98 379 99
c 0.57 0.21 0.30
t 379 99 375 98 365 88
c 0.59 0.22 0.30
t 375 98 362 88 365 88
c 0.60 0.22 0.30
t 365 88 362 88 351 79
c 0.62 0.22 0.30
t 362 88 348 79 351 79
c 0.63 0.23 0.30
t 351 79 348 79 336 72
c 0.64 0.23 0.30
t 348 79 333 71 336 72
c 0.65 0.23 0.30
t 336 72 333 71 321 65
c 0.66 0.23 0.30
t 333 71 318 65 321 65
c 0.67 0.23 0.30
t 321 65 318 65 305 61
c 0.68 0.24 0.30
t 318 65 303 60 305 61
c 0.00 0.10 0.30
t 287 454 286 454 303 451
c 0.00 0.10 0.30
t 286 454 301 451 303 451
c 0.00 0.10 0.30
t 303 451 301 451 318 446
c 0.00 0.10 0.30
t 301 451 316 447 318 446
c 0.00 0.10 0.30
t 318 446 316 447 333 440
c 0.00 0.10 0.30
t 316 447 330 441 333 440
c 0.00 0.10 0.30
t 333 440 330 441 348 432
c 0.00 0.10 0.30
t 330 441 344 433 348 432
c 0.00 0.10 0.30
t 348 432 344 433 362 423
c 0.00 0.10 0.30
t 344 433 358 424 362 423
c 0.00 0.10 0.30
t 362 423 358 424 375 413
c 0.00 0.10 0.30
t 358 424 371 414 375 413
c 0.00 0.10 0.30
t 375 413 371 414 388 401
c 0.00 0.10 0.30
t 371 414 382 402 388 401
c 0.00 0.10 0.30
t 388 401 382 402 399 388
c 0.00 0.10 0.30
t 382 402 393 389 399 388
c 0.00 0.10 0.30
t 399 388 393 389 409 374
c 0.00 0.10 0.30
t 393 389 403 375 409 374
c 0.00 0.10 0.30
t 409 374 403 375 418 359
c 0.00 0.10 0.30
t 403 375 412 360 418 359
c 0.00 0.10 0.30
t 418 359 412 360 426 343
c 0.00 0.10 0.30
t 412 360 420 344 426 343
c 0.00 0.10 0.30
t 426 343 420 344 433 327
c 0.00 0.10 0.30
t 420 344 426 327 433 327
c 0.00 0.10 0.30
t 433 327 426 327 438 309
c 0.00 0.10 0.30
t 426 327 431 310 438 309
c 0.00 0.10 0.30
t 438 309 431 310 442 292
c 0.00 0.10 0.30
t 431 310 435 292 442 292
c 0.00 0.10 0.30
t 442 292 435 292 444 274
c 0.04 0.11 0.30
t 435 292 437 274 444 274
c 0.06 0.11 0.30
t 444 274 437 274 445 256
c 0.10 0.12 0.30
t 437 274 438 256 445 256
c 0.12 0.12 0.30
t 445 256 438 256 444 237
c 0.16 0.13 0.30
t 438 256 437 237 444 237
c 0.18 0.14 0.30
t 444 237 437 237 442 219
c 0.22 0.14 0.30
t 437 237 435 219 442 219
c 0.24 0.15 0.30
t 442 219 435 219 438 202
c 0.28 0.16 0.30
t 435 219 431 201 438 202
c 0.30 0.16 0.30
t 438 202 431 201 433 184
c 0.33 0.17 0.30
t 431 201 426 184 433 184
c 0.35 0.17 0.30
t 433 184 426 184 426 168
c 0.39 0.18 0.30
t 426 184 420 167 426 168
c 0.40 0.18 0.30
t 426 168 420 167 418 152
c 0.44 0.19 0.30
t 420 167 412 151 418 152
c 0.45 0.19 0.30
t 418 152 412 151 409 137
c 0.48 0.20 0.30
t 412 151 403 136 409 137
c 0.49 0.20 0.30
t 409 137 403 136 399 123
c 0.52 0.20 0.30
t 403 136 393 122 399 123
c 0.54 0.21 0.30
t 399 123 393 122 388 110
c 0.56 0.21 0.30
t 393 122 382 109 388 110
c 0.57 0.21 0.30
t 388 110 382 109 375 98
c 0.60 0.22 0.30
t 382 109 371 97 375 98
c 0.60 0.22 0.30
t 375 98 371 97 362 88
c 0.63 0.23 0.30
t 371 97 358 87 362 88
c 0.63 0.23 0.30
t 362 88 358 87 348 79
c 0.65 0.23 0.30
t 358 87 344 78 348 79
c 0.66 0.23 0.30
t 348 79 344 78 333 71
c 0.67 0.23 0.30
t 344 78 330 70 333 71
c 0.67 0.23 0.30
t 333 71 330 70 318 65
c 0.69 0.24 0.30
t 330 70 316 64 318 65
c 0.69 0.24 0.30
t 318 65 316 64 303 60
c 0.70 0.24 0.30
t 316 64 301 60 303 60
c 0.69 0.24 0.30
t 303 60 301 60 287 57
c 0.70 0.24 0.30
t 301 60 286 57 287 57
c 0.00 0.10 0.30
t 286 454 284 454 301 451
c 0.00 0.10 0.30
t 284 454 299 452 301 451
c 0.00 0.10 0.30
t 301 451 299 452 316 447
c 0.00 0.10 0.30
t 299 452 313 447 316 447
c 0.00 0.10 0.30
t 316 447 313 447 330 441
c 0.00 0.10 0.30
t 313 447 326 441 330 441
c 0.00 0.10 0.30
t 330 441 326 441 344 433
c 0.00 0.10 0.30
t 326 441 340 434 344 433
c 0.00 0.10 0.30
t 344 433 340 434 358 424
c 0.00 0.10 0.30
t 340 434 353 425 358 424
c 0.00 0.10 0.30
t 358 424 353 425 371 414
c 0.00 0.10 0.30
t 353 425 365 415 371 414
c 0.00 0.10 0.30
t 371 414 365 415 382 402
c 0.00 0.10 0.30
t 365 415 376 403 382 402
c 0.00 0.10 0.30
t 382 402 376 403 393 389
c 0.00 0.10 0.30
t 376 403 387 390 393 389
c 0.00 0.10 0.30
t 393 389 387 390 403 375
c 0.00 0.10 0.30
t 387 390 396 376 403 375
c 0.00 0.10 0.30
t 403 375 396 376 412 360
c 0.00 0.10 0.30
t 396 376 405 361 412 360
c 0.00 0.10 0.30
t 412 360 405 361 420 344
c 0.00 0.10 0.30
t 405 361 412 345 420 344
c 0.00 0.10 0.30
t 420 344 412 345 426 327
c 0.00 0.10 0.30
t 412 345 418 328 426 327
c 0.00 0.10 0.30
t 426 327 418 328 431 310
c 0.00 0.10 0.30
t 418 328 423 310 431 310
c 0.00 0.10 0.30
t 431 310 423 310 435 292
c 0.04 0.11 0.30
t 423 310 427 292 435 292
c 0.06 0.11 0.30
t 435 292 427 292 437 274
c 0.11 0.12 0.30
t 427 292 429 274 437 274
c 0.13 0.13 0.30
t 437 274 429 274 438 256
c 0.17 0.13 0.30
t 429 274 429 256 438 256
c 0.19 0.14 0.30
t 438 256 429 256 437 237
c 0.23 0.15 0.30
t 429 256 429 237 437 237
c 0.24 0.15 0.30
t 437 237 429 237 435 219
c 0.28 0.16 0.30
t 429 237 427 219 435 219
c 0.30 0.16 0.30
t 435 219 427 219 431 201
c 0.34 0.17 0.30
t 427 219 423 201 431 201
c 0.36 0.17 0.30
t 431 201 423 201 426 184
c 0.39 0.18 0.30
t 423 201 418 183 426 184
c 0.41 0.18 0.30
t 426 184 418 183 420 167
c 0.44 0.19 0.30
t 418 183 412 166 420 167
c 0.46 0.19 0.30
t 420 167 412 166 412 151
c 0.49 0.20 0.30
t 412 166 405 150 412 151
c 0.50 0.20 0.30
t 412 151 405 150 403 136
c 0.53 0.21 0.30
t 405 150 396 135 403 136
c 0.54 0.21 0.30
t 403 136 396 135 393 122
c 0.57 0.21 0.30
t 396 135 387 121 393 122
c 0.58 0.22 0.30
t 393 122 387 121 382 109
c 0.61 0.22 0.30
t 387 121 376 108 382 109
c 0.61 0.22 0.30
t 382 109 376 108 371 97
c 0.64 0.23 0.30
t 376 108 365 96 371 97
c 0.64 0.23 0.30
t 371 97 365 96 358 87
c 0.66 0.23 0.30
t 365 96 353 86 358 87
c 0.67 0.23 0.30
t 358 87 353 86 344 78
c 0.68 0.24 0.30
t 353 86 340 77 344 78
c 0.68 0.24 0.30
t 344 78 340 77 330 70
c 0.70 0.24 0.30
t 340 77 326 70 330 70
c 0.70 0.24 0.30
t 330 70 326 70 316 64
c 0.71 0.24 0.30
t 326 70 313 64 316 64
c 0.71 0.24 0.30
t 316 64 313 64 301 60
c 0.71 0.24 0.30
t 313 64 299 59 301 60
c 0.71 0.24 0.30
t 301 60 299 59 286 57
c 0.71 0.24 0.30
t 299 59 284 57 286 57
c 0.00 0.10 0.30
t 284 454 282 455 299 452
c 0.00 0.10 0.30
t 282 455 296 452 299 452
c 0.00 0.10 0.30
t 299 452 296 452 313 447
c 0.00 0.10 0.30
t 296 452 309 448 313 447
c 0.00 0.10 0.30
t 313 447 309 448 326 441
c 0.00 0.10 0.30
t 309 448 322 442 326 441
c 0.00 0.10 0.30
t 326 441 322 442 340 434
c 0.00 0.10 0.30
t 322 442 335 434 340 434
c 0.00 0.10 0.30
t 340 434 335 434 353 425
c 0.00 0.10 0.30
t 335 434 347 426 353 425
c 0.00 0.10 0.30
t 353 425 347 426 365 415
c 0.00 0.10 0.30
t 347 426 358 415 365 415
c 0.00 0.10 0.30
t 365 415 358 415 376 403
c 0.00 0.10 0.30
t 358 415 369 404 376 403
c 0.00 0.10 0.30
t 376 403 369 404 387 390
c 0.00 0.10 0.30
t 369 404 379 391 387 390
c 0.00 0.10 0.30
t 387 390 379 391 396 376
c 0.00 0.10 0.30
t 379 391 388 377 396 376
c 0.00 0.10 0.30
t 396 376 388 377 405 361
c 0.00 0.10 0.30
t 388 377 396 361 405 361
c 0.00 0.10 0.30
t 405 361 396 361 412 345
c 0.00 0.10 0.30
t 396 361 403 345 412 345
c 0.00 0.10 0.30
t 412 345 403 345 418 328
c 0.00 0.10 0.30
t 403 345 409 328 418 328
c 0.00 0.10 0.30
t 418 328 409 328 423 310
c 0.04 0.11 0.30
t 409 328 413 311 423 310
c 0.06 0.11 0.30
t 423 310 413 311 427 292
c 0.10 0.12 0.30
t 413 311 417 293 427 292
c 0.12 0.12 0.30
t 427 292 417 293 429 274
c 0.16 0.13 0.30
t 417 293 419 274 429 274
c 0.19 0.14 0.30
t 429 274 419 274 429 256
c 0.23 0.15 0.30
t 419 274 419 256 429 256
c 0.25 0.15 0.30
t 429 256 419 256 429 237
c 0.29 0.16 0.30
t 419 256 419 237 429 237
c 0.30 0.16 0.30
t 429 237 419 237 427 219
c 0.34 0.17 0.30
t 419 237 417 218 427 219
c 0.36 0.17 0.30
t 427 219 417 218 423 201
c 0.40 0.18 0.30
t 417 218 413 200 423 201
c 0.41 0.18 0.30
t 423 201 413 200 418 183
c 0.45 0.19 0.30
t 413 200 409 183 418 183
c 0.46 0.19 0.30
t 418 183 409 183 412 166
c 0.50 0.20 0.30
t 409 183 403 166 412 166
c 0.51 0.20 0.30
t 412 166 403 166 405 150
c 0.54 0.21 0.30
t 403 166 396 150 405 150
c 0.55 0.21 0.30
t 405 150 396 150 396 135
c 0.58 0.22 0.30
t 396 150 388 134 396 135
c 0.59 0.22 0.30
t 396 135 388 134 387 121
c 0.62 0.22 0.30
t 388 134 379 120 387 121
c 0.63 0.23 0.30
t 387 121 379 120 376 108
c 0.65 0.23 0.30
t 379 120 369 107 376 108
c 0.66 0.23 0.30
t 376 108 369 107 365 96
c 0.68 0.24 0.30
t 369 107 358 96 365 96
c 0.68 0.24 0.30
t 365 96 358 96 353 86
c 0.70 0.24 0.30
t 358 96 347 85 353 86
c 0.70 0.24 0.30
t 353 86 347 85 340 77
c 0.72 0.24 0.30
t 347 85 335 77 340 77
c 0.71 0.24 0.30
t 340 77 335 77 326 70
c 0.73 0.25 0.30
t 335 77 322 69 326 70
c 0.72 0.24 0.30
t 326 70 322 69 313 64
c 0.73 0.25 0.30
t 322 69 309 63 313 64
c 0.72 0.24 0.30
t 313 64 309 63 299 59
c 0.73 0.25 0.30
t 309 63 296 59 299 59
c 0.72 0.24 0.30
t 299 59 296 59 284 57
c 0.72 0.24 0.30
t 296 59 282 56 284 57
c 0.00 0.10 0.30
t 282 455 280 455 296 452
c 0.00 0.10 0.30
t 280 455 293 452 296 452
c 0.00 0.10 0.30
t 296 452 293 452 309 448
c 0.00 0.10 0.30
t 293 452 305 448 309 448
c 0.00 0.10 0.30
t 309 448 305 448 322 442
c 0.00 0.10 0.30
t 305 448 317 442 322 442
c 0.00 0.10 0.30
t 322 442 317 442 335 434
c 0.00 0.10 0.30
t 317 442 329 435 335 434
c 0.00 0.10 0.30
t 335 434 329 435 347 426
c 0.00 0.10 0.30
t 329 435 340 426 347 426
c 0.00 0.10 0.30
t 347 426 340 426 358 415
c 0.00 0.10 0.30
t 340 426 351 416 358 415
c 0.00 0.10 0.30
t 358 415 351 416 369 404
c 0.00 0.10 0.30
t 351 416 361 404 369 404
c 0.00 0.10 0.30
t 369 404 361 404 379 391
c 0.00 0.10 0.30
t 361 404 370 391 379 391
c 0.00 0.10 0.30
t 379 391 370 391 388 377
c 0.00 0.10 0.30
t 370 391 378 377 388 377
c 0.00 0.10 0.30
t 388 377 378 377 396 361
c 0.00 0.10 0.30
t 378 377 386 362 396 361
c 0.00 0.10 0.30
t 396 361 386 362 403 345
c 0.00 0.10 0.30
t 386 362 392 346 403 345
c 0.00 0.10 0.30
t 403 345 392 346 409 328
c 0.03 0.11 0.30
t 392 346 398 329 409 328
c 0.05 0.11 0.30
t 409 328 398 329 413 311
c 0.09 0.12 0.30
t 398 329 402 311 413 311
c 0.12 0.12 0.30
t 413 311 402 311 417 293
c 0.16 0.13 0.30
t 402 311 405 293 417 293
c 0.18 0.14 0.30
t 417 293 405 293 419 274
c 0.22 0.14 0.30
t 405 293 407 274 419 274
c 0.25 0.15 0.30
t 419 274 407 274 419 256
c 0.28 0.16 0.30
t 407 274 408 256 419 256
c 0.31 0.16 0.30
t 419 256 408 256 419 237
c 0.34 0.17 0.30
t 408 256 407 237 419 237
c 0.36 0.17 0.30
t 419 237 407 237 417 218
c 0.40 0.18 0.30
t 407 237 405 218 417 218
c 0.42 0.18 0.30
t 417 218 405 218 413 200
c 0.46 0.19 0.30
t 405 218 402 200 413 200
c 0.47 0.19 0.30
t 413 200 402 200 409 183
c 0.51 0.20 0.30
t 402 200 398 182 409 183
c 0.52 0.20 0.30
t 409 183 398 182 403 166
c 0.55 0.21 0.30
t 398 182 392 165 403 166
c 0.56 0.21 0.30
t 403 166 392 165 396 150
c 0.60 0.22 0.30
t 392 165 386 149 396 150
c 0.60 0.22 0.30
t 396 150 386 149 388 134
c 0.63 0.23 0.30
t 386 149 378 134 388 134
c 0.64 0.23 0.30
t 388 134 378 134 379 120
c 0.67 0.23 0.30
t 378 134 370 120 379 120
c 0.67 0.23 0.30
t 379 120 370 120 369 107
c 0.69 0.24 0.30
t 370 120 361 107 369 107
c 0.70 0.24 0.30
t 369 107 361 107 358 96
c 0.72 0.24 0.30
t 361 107 351 95 358 96
c 0.72 0.24 0.30
t 358 96 351 95 347 85
c 0.73 0.25 0.30
t 351 95 340 85 347 85
c 0.73 0.25 0.30
t 347 85 340 85 335 77
c 0.75 0.25 0.30
t 340 85 329 76 335 77
c 0.74 0.25 0.30
t 335 77 329 76 322 69
c 0.75 0.25 0.30
t 329 76 317 69 322 69
c 0.75 0.25 0.30
t 322 69 317 69 309 63
c 0.75 0.25 0.30
t 317 69 305 63 309 63
c 0.74 0.25 0.30
t 309 63 305 63 296 59
c 0.75 0.25 0.30
t 305 63 293 59 296 59
c 0.74 0.25 0.30
t 296 59 293 59 282 56
c 0.74 0.25 0.30
t 293 59 280 56 282 56
c 0.00 0.10 0.30
t 280 455 278 455 293 452
c 0.00 0.10 0.30
t 278 455 289 453 293 452
c 0.00 0.10 0.30
t 293 452 289 453 305 448
c 0.00 0.10 0.30
t 289 453 301 448 305 448
c 0.00 0.10 0.30
t 305 448 301 448 317 442
c 0.00 0.10 0.30
t 301 448 312 443 317 442
c 0.00 0.10 0.30
t 317 442 312 443 329 435
c 0.00 0.10 0.30
t 312 443 322 436 329 435
c 0.00 0.10 0.30
t 329 435 322 436 340 426
c 0.00 0.10 0.30
t 322 436 333 427 340 426
c 0.00 0.10 0.30
t 340 426 333 427 351 416
c 0.00 0.10 0.30
t 333 427 342 417 351 416
c 0.00 0.10 0.30
t 351 416 342 417 361 404
c 0.00 0.10 0.30
t 342 417 352 405 361 404
c 0.00 0.10 0.30
t 361 404 352 405 370 391
c 0.00 0.10 0.30
t 352 405 360 392 370 391
c 0.00 0.10 0.30
t 370 391 360 392 378 377
c 0.00 0.10 0.30
t 360 392 368 378 378 377
c 0.00 0.10 0.30
t 378 377 368 378 386 362
c 0.00 0.10 0.30
t 368 378 375 363 386 362
c 0.00 0.10 0.30
t 386 362 375 363 392 346
c 0.01 0.10 0.30
t 375 363 381 346 392 346
c 0.04 0.11 0.30
t 392 346 381 346 398 329
c 0.08 0.12 0.30
t 381 346 386 329 398 329
c 0.11 0.12 0.30
t 398 329 386 329 402 311
c 0.15 0.13 0.30
t 386 329 390 311 402 311
c 0.17 0.13 0.30
t 402 311 390 311 405 293
c 0.21 0.14 0.30
t 390 311 392 293 405 293
c 0.24 0.15 0.30
t 405 293 392 293 407 274
c 0.28 0.16 0.30
t 392 293 394 274 407 274
c 0.30 0.16 0.30
t 407 274 394 274 408 256
c 0.34 0.17 0.30
t 394 274 395 256 408 256
c 0.36 0.17 0.30
t 408 256 395 256 407 237
c 0.40 0.18 0.30
t 395 256 394 237 407 237
c 0.42 0.18 0.30
t 407 237 394 237 405 218
c 0.46 0.19 0.30
t 394 237 392 218 405 218
c 0.47 0.19 0.30
t 405 218 392 218 402 200
c 0.51 0.20 0.30
t 392 218 390 200 402 200
c 0.53 0.21 0.30
t 402 200 390 200 398 182
c 0.56 0.21 0.30
t 390 200 386 182 398 182
c 0.57 0.21 0.30
t 398 182 386 182 392 165
c 0.60 0.22 0.30
t 386 182 381 165 392 165
c 0.62 0.22 0.30
t 392 165 381 165 386 149
c 0.64 0.23 0.30
t 381 165 375 148 386 149
c 0.65 0.23 0.30
t 386 149 375 148 378 134
c 0.68 0.24 0.30
t 375 148 368 133 378 134
c 0.69 0.24 0.30
t 378 134 368 133 370 120
c 0.71 0.24 0.30
t 368 133 360 119 370 120
c 0.71 0.24 0.30
t 370 120 360 119 361 107
c 0.73 0.25 0.30
t 360 119 352 106 361 107
c 0.74 0.25 0.30
t 361 107 352 106 351 95
c 0.75 0.25 0.30
t 352 106 342 94 351 95
c 0.75 0.25 0.30
t 351 95 342 94 340 85
c 0.77 0.25 0.30
t 342 94 333 84 340 85
c 0.76 0.25 0.30
t 340 85 333 84 329 76
c 0.78 0.26 0.30
t 333 84 322 75 329 76
c 0.77 0.25 0.30
t 329 76 322 75 317 69
c 0.78 0.26 0.30
t 322 75 312 68 317 69
c 0.77 0.25 0.30
t 317 69 312 68 305 63
c 0.77 0.25 0.30
t 312 68 301 63 305 63
c 0.76 0.25 0.30
t 305 63 301 63 293 59
c 0.76 0.25 0.30
t 301 63 289 58 293 59
c 0.75 0.25 0.30
t 293 59 289 58 280 56
c 0.75 0.25 0.30
t 289 58 278 56 280 56
c 0.00 0.10 0.30
t 267 456 266 456 278 455
c 0.00 0.10 0.30
t 266 456 276 455 278 455
c 0.00 0.10 0.30
t 278 455 276 455 289 453
c 0.00 0.10 0.30
t 276 455 286 453 289 453
c 0.00 0.10 0.30
t 289 453 286 453 301 448
c 0.00 0.10 0.30
t 286 453 296 449 301 448
c 0.00 0.10 0.30
t 301 448 296 449 312 443
c 0.00 0.10 0.30
t 296 449 306 443 312 443
c 0.00 0.10 0.30
t 312 443 306 443 322 436
c 0.00 0.10 0.30
t 306 443 315 436 322 436
c 0.00 0.10 0.30
t 322 436 315 436 333 427
c 0.00 0.10 0.30
t 315 436 325 427 333 427
c 0.00 0.10 0.30
t 333 427 325 427 342 417
c 0.00 0.10 0.30
t 325 427 333 417 342 417
c 0.00 0.10 0.30
t 342 417 333 417 352 405
c 0.00 0.10 0.30
t 333 417 342 406 352 405
c 0.00 0.10 0.30
t 352 405 342 406 360 392
c 0.00 0.10 0.30
t 342 406 349 393 360 392
c 0.00 0.10 0.30
t 360 392 349 393 368 378
c 0.00 0.10 0.30
t 349 393 356 378 368 378
c 0.00 0.10 0.30
t 368 378 356 378 375 363
c 0.00 0.10 0.30
t 356 378 362 363 375 363
c 0.02 0.10 0.30
t 375 363 362 363 381 346
c 0.06 0.11 0.30
t 362 363 368 347 381 346
c 0.09 0.12 0.30
t 381 346 368 347 386 329
c 0.13 0.13 0.30
t 368 347 372 330 386 329
c 0.16 0.13 0.30
t 386 329 372 330 390 311
c 0.20 0.14 0.30
t 372 330 376 312 390 311
c 0.23 0.15 0.30
t 390 311 376 312 392 293
c 0.27 0.15 0.30
t 376 312 378 293 392 293
c 0.29 0.16 0.30
t 392 293 378 293 394 274
c 0.33 0.17 0.30
t 378 293 380 274 394 274
c 0.36 0.17 0.30
t 394 274 380 274 395 256
c 0.39 0.18 0.30
t 380 274 380 256 395 256
c 0.42 0.18 0.30
t 395 256 380 256 394 237
c 0.45 0.19 0.30
t 380 256 380 237 394 237
c 0.47 0.19 0.30
t 394 237 380 237 392 218
c 0.51 0.20 0.30
t 380 237 378 218 392 218
c 0.53 0.21 0.30
t 392 218 378 218 390 200
c 0.56 0.21 0.30
t 378 218 376 199 390 200
c 0.58 0.22 0.30
t 390 200 376 199 386 182
c 0.61 0.22 0.30
t 376 199 372 181 386 182
c 0.62 0.22 0.30
t 386 182 372 181 381 165
c 0.65 0.23 0.30
t 372 181 368 164 381 165
c 0.66 0.23 0.30
t 381 165 368 164 375 148
c 0.69 0.24 0.30
t 368 164 362 148 375 148
c 0.70 0.24 0.30
t 375 148 362 148 368 133
c 0.72 0.24 0.30
t 362 148 356 133 368 133
c 0.73 0.25 0.30
t 368 133 356 133 360 119
c 0.75 0.25 0.30
t 356 133 349 118 360 119
c 0.75 0.25 0.30
t 360 119 349 118 352 106
c 0.77 0.25 0.30
t 349 118 342 105 352 106
c 0.77 0.25 0.30
t 352 106 342 105 342 94
c 0.79 0.26 0.30
t 342 105 333 94 342 94
c 0.79 0.26 0.30
t 342 94 333 94 333 84
c 0.80 0.26 0.30
t 333 94 325 84 333 84
c 0.79 0.26 0.30
t 333 84 325 84 322 75
c 0.80 0.26 0.30
t 325 84 315 75 322 75
c 0.79 0.26 0.30
t 322 75 315 75 312 68
c 0.80 0.26 0.30
t 315 75 306 68 312 68
c 0.79 0.26 0.30
t 312 68 306 68 301 63
c 0.79 0.26 0.30
t 306 68 296 62 301 63
c 0.78 0.26 0.30
t 301 63 296 62 289 58
c 0.78 0.26 0.30
t 296 62 286 58 289 58
c 0.76 0.25 0.30
t 289 58 286 58 278 56
c 0.76 0.25 0.30
t 286 58 276 56 278 56
c 0.74 0.25 0.30
t 278 56 276 56 267 55
c 0.73 0.25 0.30
t 276 56 266 55 267 55
c 0.00 0.10 0.30
t 266 456 264 456 276 455
c 0.00 0.10 0.30
t 264 456 273 455 276 455
c 0.00 0.10 0.30
t 276 455 273 455 286 453
c 0.00 0.10 0.30
t 273 455 282 453 286 453
c 0.00 0.10 0.30
t 286 453 282 453 296 449
c 0.00 0.10 0.30
t 282 453 291 449 296 449
c 0.00 0.10 0.30
t 296 449 291 449 306 443
c 0.00 0.10 0.30
t 291 449 299 444 306 443
c 0.00 0.10 0.30
t 306 443 299 444 315 436
c 0.00 0.10 0.30
t 299 444 308 437 315 436
c 0.00 0.10 0.30
t 315 436 308 437 325 427
c 0.00 0.10 0.30
t 308 437 316 428 325 427
c 0.00 0.10 0.30
t 325 427 316 428 333 417
c 0.00 0.10 0.30
t 316 428 324 418 333 417
c 0.00 0.10 0.30
t 333 417 324 418 342 406
c 0.00 0.10 0.30
t 324 418 331 406 342 406
c 0.00 0.10 0.30
t 342 406 331 406 349 393
c 0.00 0.10 0.30
t 331 406 338 393 349 393
c 0.00 0.10 0.30
t 349 393 338 393 356 378
c 0.00 0.10 0.30
t 338 393 344 379 356 378
c 0.00 0.10 0.30
t 356 378 344 379 362 363
c 0.03 0.11 0.30
t 344 379 349 364 362 363
c 0.07 0.11 0.30
t 362 363 349 364 368 347
c 0.11 0.12 0.30
t 349 364 354 347 368 347
c 0.14 0.13 0.30
t 368 347 354 347 372 330
c 0.18 0.14 0.30
t 354 347 358 330 372 330
c 0.21 0.14 0.30
t 372 330 358 330 376 312
c 0.25 0.15 0.30
t 358 330 361 312 376 312
c 0.28 0.16 0.30
t 376 312 361 312 378 293
c 0.32 0.16 0.30
t 361 312 363 293 378 293
c 0.34 0.17 0.30
t 378 293 363 293 380 274
c 0.38 0.18 0.30
t 363 293 365 275 380 274
c 0.41 0.18 0.30
t 380 274 365 275 380 256
c 0.44 0.19 0.30
t 365 275 365 256 380 256
c 0.47 0.19 0.30
t 380 256 365 256 380 237
c 0.50 0.20 0.30
t 365 256 365 236 380 237
c 0.53 0.21 0.30
t 380 237 365 236 378 218
c 0.56 0.21 0.30
t 365 236 363 218 378 218
c 0.58 0.22 0.30
t 378 218 363 218 376 199
c 0.61 0.22 0.30
t 363 218 361 199 376 199
c 0.63 0.23 0.30
t 376 199 361 199 372 181
c 0.66 0.23 0.30
t 361 199 358 181 372 181
c 0.67 0.23 0.30
t 372 181 358 181 368 164
c 0.70 0.24 0.30
t 358 181 354 164 368 164
c 0.71 0.24 0.30
t 368 164 354 164 362 148
c 0.74 0.25 0.30
t 354 164 349 147 362 148
c 0.74 0.25 0.30
t 362 148 349 147 356 133
c 0.77 0.25 0.30
t 349 147 344 132 356 133
c 0.77 0.25 0.30
t 356 133 344 132 349 118
c 0.79 0.26 0.30
t 344 132 338 118 349 118
c 0.79 0.26 0.30
t 349 118 338 118 342 105
c 0.81 0.26 0.30
t 338 118 331 105 342 105
c 0.81 0.26 0.30
t 342 105 331 105 333 94
c 0.82 0.26 0.30
t 331 105 324 93 333 94
c 0.82 0.26 0.30
t 333 94 324 93 325 84
c 0.83 0.27 0.30
t 324 93 316 83 325 84
c 0.82 0.26 0.30
t 325 84 316 83 315 75
c 0.83 0.27 0.30
t 316 83 308 74 315 75
c 0.82 0.26 0.30
t 315 75 308 74 306 68
c 0.82 0.26 0.30
t 308 74 299 67 306 68
c 0.81 0.26 0.30
t 306 68 299 67 296 62
c 0.81 0.26 0.30
t 299 67 291 62 296 62
c 0.79 0.26 0.30
t 296 62 291 62 286 58
c 0.79 0.26 0.30
t 291 62 282 58 286 58
c 0.77 0.25 0.30
t 286 58 282 58 276 56
c 0.77 0.25 0.30
t 282 58 273 56 276 56
c 0.75 0.25 0.30
t 276 56 273 56 266 55
c 0.74 0.25 0.30
t 273 56 264 55 266 55
c 0.00 0.10 0.30
t 264 456 263 456 273 455
c 0.00 0.10 0.30
t 263 456 270 456 273 455
c 0.00 0.10 0.30
t 273 455 270 456 282 453
c 0.00 0.10 0.30
t 270 456 278 453 282 453
c 0.00 0.10 0.30
t 282 453 278 453 291 449
c 0.00 0.10 0.30
t 278 453 285 449 291 449
c 0.00 0.10 0.30
t 291 449 285 449 299 444
c 0.00 0.10 0.30
t 285 449 293 444 299 444
c 0.00 0.10 0.30
t 299 444 293 444 308 437
c 0.00 0.10 0.30
t 293 444 300 437 308 437
c 0.00 0.10 0.30
t 308 437 300 437 316 428
c 0.00 0.10 0.30
t 300 437 307 428 316 428
c 0.00 0.10 0.30
t 316 428 307 428 324 418
c 0.00 0.10 0.30
t 307 428 313 418 324 418
c 0.00 0.10 0.30
t 324 418 313 418 331 406
c 0.00 0.10 0.30
t 313 418 319 407 331 406
c 0.00 0.10 0.30
t 331 406 319 407 338 393
c 0.00 0.10 0.30
t 319 407 325 394 338 393
c 0.00 0.10 0.30
t 338 393 325 394 344 379
c 0.00 0.10 0.30
t 325 394 330 379 344 379
c 0.04 0.11 0.30
t 344 379 330 379 349 364
c 0.07 0.11 0.30
t 330 379 335 364 349 364
c 0.11 0.12 0.30
t 349 364 335 364 354 347
c 0.15 0.13 0.30
t 335 364 339 348 354 347
c 0.18 0.14 0.30
t 354 347 339 348 358 330
c 0.22 0.14 0.30
t 339 348 342 330 358 330
c 0.25 0.15 0.30
t 358 330 342 330 361 312
c 0.29 0.16 0.30
t 342 330 345 312 361 312
c 0.32 0.16 0.30
t 361 312 345 312 363 293
c 0.36 0.17 0.30
t 345 312 347 294 363 293
c 0.39 0.18 0.30
t 363 293 347 294 365 275
c 0.43 0.19 0.30
t 347 294 348 275 365 275
c 0.46 0.19 0.30
t 365 275 348 275 365 256
c 0.49 0.20 0.30
t 348 275 348 256 365 256
c 0.52 0.20 0.30
t 365 256 348 256 365 236
c 0.55 0.21 0.30
t 348 256 348 236 365 236
c 0.57 0.21 0.30
t 365 236 348 236 363 218
c 0.61 0.22 0.30
t 348 236 347 217 363 218
c 0.62 0.22 0.30
t 363 218 347 217 361 199
c 0.66 0.23 0.30
t 347 217 345 199 361 199
c 0.67 0.23 0.30
t 361 199 345 199 358 181
c 0.70 0.24 0.30
t 345 199 342 181 358 181
c 0.72 0.24 0.30
t 358 181 342 181 354 164
c 0.74 0.25 0.30
t 342 181 339 163 354 164
c 0.75 0.25 0.30
t 354 164 339 163 349 147
c 0.78 0.26 0.30
t 339 163 335 147 349 147
c 0.78 0.26 0.30
t 349 147 335 147 344 132
c 0.81 0.26 0.30
t 335 147 330 132 344 132
c 0.81 0.26 0.30
t 344 132 330 132 338 118
c 0.83 0.27 0.30
t 330 132 325 117 338 118
c 0.83 0.27 0.30
t 338 118 325 117 331 105
c 0.84 0.27 0.30
t 325 117 319 104 331 105
c 0.84 0.27 0.30
t 331 105 319 104 324 93
c 0.85 0.27 0.30
t 319 104 313 93 324 93
c 0.85 0.27 0.30
t 324 93 313 93 316 83
c 0.86 0.27 0.30
t 313 93 307 83 316 83
c 0.85 0.27 0.30
t 316 83 307 83 308 74
c 0.85 0.27 0.30
t 307 83 300 74 308 74
c 0.84 0.27 0.30
t 308 74 300 74 299 67
c 0.84 0.27 0.30
t 300 74 293 67 299 67
c 0.83 0.27 0.30
t 299 67 293 67 291 62
c 0.83 0.27 0.30
t 293 67 285 62 291 62
c 0.81 0.26 0.30
t 291 62 285 62 282 58
c 0.81 0.26 0.30
t 285 62 278 58 282 58
c 0.78 0.26 0.30
t 282 58 278 58 273 56
c 0.78 0.26 0.30
t 278 58 270 55 273 56
c 0.75 0.25 0.30
t 273 56 270 55 264 55
c 0.74 0.25 0.30
t 270 55 263 55 264 55
c 0.00 0.10 0.30
t 263 456 262 456 270 456
c 0.00 0.10 0.30
t 262 456 268 456 270 456
c 0.00 0.10 0.30
t 270 456 268 456 278 453
c 0.00 0.10 0.30
t 268 456 274 454 278 453
c 0.00 0.10 0.30
t 278 453 274 454 285 449
c 0.00 0.10 0.30
t 274 454 280 450 285 449
c 0.00 0.10 0.30
t 285 449 280 450 293 444
c 0.00 0.10 0.30
t 280 450 286 444 293 444
c 0.00 0.10 0.30
t 293 444 286 444 300 437
c 0.00 0.10 0.30
t 286 444 291 437 300 437
c 0.00 0.10 0.30
t 300 437 291 437 307 428
c 0.00 0.10 0.30
t 291 437 297 429 307 428
c 0.00 0.10 0.30
t 307 428 297 429 313 418
c 0.00 0.10 0.30
t 297 429 302 419 313 418
c 0.00 0.10 0.30
t 313 418 302 419 319 407
c 0.00 0.10 0.30
t 302 419 307 407 319 407
c 0.00 0.10 0.30
t 319 407 307 407 325 394
c 0.00 0.10 0.30
t 307 407 312 394 325 394
c 0.00 0.10 0.30
t 325 394 312 394 330 379
c 0.03 0.11 0.30
t 312 394 316 380 330 379
c 0.07 0.11 0.30
t 330 379 316 380 335 364
c 0.11 0.12 0.30
t 316 380 320 364 335 364
c 0.15 0.13 0.30
t 335 364 320 364 339 348
c 0.19 0.14 0.30
t 320 364 323 348 339 348
c 0.22 0.14 0.30
t 339 348 323 348 342 330
c 0.26 0.15 0.30
t 323 348 326 331 342 330
c 0.30 0.16 0.30
t 342 330 326 331 345 312
c 0.33 0.17 0.30
t 326 331 328 312 345 312
c 0.37 0.17 0.30
t 345 312 328 312 347 294
c 0.40 0.18 0.30
t 328 312 330 294 347 294
c 0.43 0.19 0.30
t 347 294 330 294 348 275
c 0.47 0.19 0.30
t 330 294 331 275 348 275
c 0.50 0.20 0.30
t 348 275 331 275 348 256
c 0.53 0.21 0.30
t 331 275 331 256 348 256
c 0.56 0.21 0.30
t 348 256 331 256 348 236
c 0.59 0.22 0.30
t 331 256 331 236 348 236
c 0.62 0.22 0.30
t 348 236 331 236 347 217
c 0.65 0.23 0.30
t 331 236 330 217 347 217
c 0.67 0.23 0.30
t 347 217 330 217 345 199
c 0.70 0.24 0.30
t 330 217 328 199 345 199
c 0.71 0.24 0.30
t 345 199 328 199 342 181
c 0.74 0.25 0.30
t 328 199 326 180 342 181
c 0.76 0.25 0.30
t 342 181 326 180 339 163
c 0.78 0.26 0.30
t 326 180 323 163 339 163
c 0.79 0.26 0.30
t 339 163 323 163 335 147
c 0.81 0.26 0.30
t 323 163 320 147 335 147
c 0.82 0.26 0.30
t 335 147 320 147 330 132
c 0.84 0.27 0.30
t 320 147 316 131 330 132
c 0.84 0.27 0.30
t 330 132 316 131 325 117
c 0.86 0.27 0.30
t 316 131 312 117 325 117
c 0.86 0.27 0.30
t 325 117 312 117 319 104
c 0.88 0.28 0.30
t 312 117 307 104 319 104
c 0.87 0.27 0.30
t 319 104 307 104 313 93
c 0.88 0.28 0.30
t 307 104 302 92 313 93
c 0.87 0.27 0.30
t 313 93 302 92 307 83
c 0.88 0.28 0.30
t 302 92 297 82 307 83
c 0.87 0.27 0.30
t 307 83 297 82 300 74
c 0.88 0.28 0.30
t 297 82 291 74 300 74
c 0.86 0.27 0.30
t 300 74 291 74 293 67
c 0.86 0.27 0.30
t 291 74 286 67 293 67
c 0.85 0.27 0.30
t 293 67 286 67 285 62
c 0.84 0.27 0.30
t 286 67 280 61 285 62
c 0.82 0.26 0.30
t 285 62 280 61 278 58
c 0.82 0.26 0.30
t 280 61 274 57 278 58
c 0.79 0.26 0.30
t 278 58 274 57 270 55
c 0.79 0.26 0.30
t 274 57 268 55 270 55
c 0.76 0.25 0.30
t 270 55 268 55 263 55
c 0.75 0.25 0.30
t 268 55 262 55 263 55
c 0.00 0.10 0.30
t 262 456 260 456 268 456
c 0.00 0.10 0.30
t 260 456 265 456 268 456
c 0.00 0.10 0.30
t 268 456 265 456 274 454
c 0.00 0.10 0.30
t 265 456 269 454 274 454
c 0.00 0.10 0.30
t 274 454 269 454 280 450
c 0.00 0.10 0.30
t 269 454 274 450 280 450
c 0.00 0.10 0.30
t 280 450 274 450 286 444
c 0.00 0.10 0.30
t 274 450 278 444 286 444
c 0.00 0.10 0.30
t 286 444 278 444 291 437
c 0.00 0.10 0.30
t 278 444 283 437 291 437
c 0.00 0.10 0.30
t 291 437 283 437 297 429
c 0.00 0.10 0.30
t 283 437 287 429 297 429
c 0.00 0.10 0.30
t 297 429 287 429 302 419
c 0.00 0.10 0.30
t 287 429 291 419 302 419
c 0.00 0.10 0.30
t 302 419 291 419 307 407
c 0.00 0.10 0.30
t 291 419 295 407 307 407
c 0.00 0.10 0.30
t 307 407 295 407 312 394
c 0.00 0.10 0.30
t 295 407 298 394 312 394
c 0.03 0.11 0.30
t 312 394 298 394 316 380
c 0.06 0.11 0.30
t 298 394 302 380 316 380
c 0.11 0.12 0.30
t 316 380 302 380 320 364
c 0.14 0.13 0.30
t 302 380 304 365 320 364
c 0.18 0.14 0.30
t 320 364 304 365 323 348
c 0.22 0.14 0.30
t 304 365 307 348 323 348
c 0.26 0.15 0.30
t 323 348 307 348 326 331
c 0.30 0.16 0.30
t 307 348 309 331 326 331
c 0.33 0.17 0.30
t 326 331 309 331 328 312
c 0.37 0.17 0.30
t 309 331 311 313 328 312
c 0.41 0.18 0.30
t 328 312 311 313 330 294
c 0.44 0.19 0.30
t 311 313 312 294 330 294
c 0.47 0.19 0.30
t 330 294 312 294 331 275
c 0.51 0.20 0.30
t 312 294 313 275 331 275
c 0.54 0.21 0.30
t 331 275 313 275 331 256
c 0.57 0.21 0.30
t 313 275 313 256 331 256
c 0.60 0.22 0.30
t 331 256 313 256 331 236
c 0.63 0.23 0.30
t 313 256 313 236 331 236
c 0.66 0.23 0.30
t 331 236 313 236 330 217
c 0.69 0.24 0.30
t 313 236 312 217 330 217
c 0.71 0.24 0.30
t 330 217 312 217 328 199
c 0.74 0.25 0.30
t 312 217 311 198 328 199
c 0.75 0.25 0.30
t 328 199 311 198 326 180
c 0.78 0.26 0.30
t 311 198 309 180 326 180
c 0.79 0.26 0.30
t 326 180 309 180 323 163
c 0.82 0.26 0.30
t 309 180 307 163 323 163
c 0.83 0.27 0.30
t 323 163 307 163 320 147
c 0.85 0.27 0.30
t 307 163 304 146 320 147
c 0.85 0.27 0.30
t 320 147 304 146 316 131
c 0.87 0.27 0.30
t 304 146 302 131 316 131
c 0.88 0.28 0.30
t 316 131 302 131 312 117
c 0.89 0.28 0.30
t 302 131 298 117 312 117
c 0.89 0.28 0.30
t 312 117 298 117 307 104
c 0.90 0.28 0.30
t 298 117 295 104 307 104
c 0.90 0.28 0.30
t 307 104 295 104 302 92
c 0.91 0.28 0.30
t 295 104 291 92 302 92
c 0.90 0.28 0.30
t 302 92 291 92 297 82
c 0.91 0.28 0.30
t 291 92 287 82 297 82
c 0.89 0.28 0.30
t 297 82 287 82 291 74
c 0.90 0.28 0.30
t 287 82 283 74 291 74
c 0.88 0.28 0.30
t 291 74 283 74 286 67
c 0.88 0.28 0.30
t 283 74 278 67 286 67
c 0.86 0.27 0.30
t 286 67 278 67 280 61
c 0.86 0.27 0.30
t 278 67 274 61 280 61
c 0.84 0.27 0.30
t 280 61 274 61 274 57
c 0.83 0.27 0.30
t 274 61 269 57 274 57
c 0.80 0.26 0.30
t 274 57 269 57 268 55
c 0.79 0.26 0.30
t 269 57 265 55 268 55
c 0.76 0.25 0.30
t 268 55 265 55 262 55
c 0.75 0.25 0.30
t 265 55 260 55 262 55
c 0.00 0.10 0.30
t 260 456 259 456 265 456
c 0.00 0.10 0.30
t 259 456 262 456 265 456
c 0.00 0.10 0.30
t 265 456 262 456 269 454
c 0.00 0.10 0.30
t 262 456 265 454 269 454
c 0.00 0.10 0.30
t 269 454 265 454 274 450
c 0.00 0.10 0.30
t 265 454 268 450 274 450
c 0.00 0.10 0.30
t 274 450 268 450 278 444
c 0.00 0.10 0.30
t 268 450 271 445 278 444
c 0.00 0.10 0.30
t 278 444 271 445 283 437
c 0.00 0.10 0.30
t 271 445 274 438 283 437
c 0.00 0.10 0.30
t 283 437 274 438 287 429
c 0.00 0.10 0.30
t 274 438 277 429 287 429
c 0.00 0.10 0.30
t 287 429 277 429 291 419
c 0.00 0.10 0.30
t 277 429 279 419 291 419
c 0.00 0.10 0.30
t 291 419 279 419 295 407
c 0.00 0.10 0.30
t 279 419 282 408 295 407
c 0.00 0.10 0.30
t 295 407 282 408 298 394
c 0.01 0.10 0.30
t 282 408 284 395 298 394
c 0.06 0.11 0.30
t 298 394 284 395 302 380
c 0.09 0.12 0.30
t 284 395 286 380 302 380
c 0.14 0.13 0.30
t 302 380 286 380 304 365
c 0.17 0.13 0.30
t 286 380 288 365 304 365
c 0.22 0.14 0.30
t 304 365 288 365 307 348
c 0.25 0.15 0.30
t 288 365 290 348 307 348
c 0.29 0.16 0.30
t 307 348 290 348 309 331
c 0.33 0.17 0.30
t 290 348 291 331 309 331
c 0.37 0.17 0.30
t 309 331 291 331 311 313
c 0.40 0.18 0.30
t 291 331 293 313 311 313
c 0.44 0.19 0.30
t 311 313 293 313 312 294
c 0.47 0.19 0.30
t 293 313 293 294 312 294
c 0.51 0.20 0.30
t 312 294 293 294 313 275
c 0.54 0.21 0.30
t 293 294 294 275 313 275
c 0.57 0.21 0.30
t 313 275 294 275 313 256
c 0.61 0.22 0.30
t 294 275 294 256 313 256
c 0.64 0.23 0.30
t 313 256 294 256 313 236
c 0.67 0.23 0.30
t 294 256 294 236 313 236
c 0.69 0.24 0.30
t 313 236 294 236 312 217
c 0.72 0.24 0.30
t 294 236 293 217 312 217
c 0.74 0.25 0.30
t 312 217 293 217 311 198
c 0.77 0.25 0.30
t 293 217 293 198 311 198
c 0.79 0.26 0.30
t 311 198 293 198 309 180
c 0.81 0.26 0.30
t 293 198 291 180 309 180
c 0.83 0.27 0.30
t 309 180 291 180 307 163
c 0.85 0.27 0.30
t 291 180 290 163 307 163
c 0.86 0.27 0.30
t 307 163 290 163 304 146
c 0.88 0.28 0.30
t 290 163 288 146 304 146
c 0.89 0.28 0.30
t 304 146 288 146 302 131
c 0.90 0.28 0.30
t 288 146 286 131 302 131
c 0.90 0.28 0.30
t 302 131 286 131 298 117
c 0.92 0.28 0.30
t 286 131 284 116 298 117
c 0.92 0.28 0.30
t 298 117 284 116 295 104
c 0.93 0.29 0.30
t 284 116 282 103 295 104
c 0.92 0.28 0.30
t 295 104 282 103 291 92
c 0.93 0.29 0.30
t 282 103 279 92 291 92
c 0.92 0.28 0.30
t 291 92 279 92 287 82
c 0.93 0.29 0.30
t 279 92 277 82 287 82
c 0.91 0.28 0.30
t 287 82 277 82 283 74
c 0.91 0.28 0.30
t 277 82 274 73 283 74
c 0.90 0.28 0.30
t 283 74 274 73 278 67
c 0.90 0.28 0.30
t 274 73 271 66 278 67
c 0.88 0.28 0.30
t 278 67 271 66 274 61
c 0.87 0.27 0.30
t 271 66 268 61 274 61
c 0.85 0.27 0.30
t 274 61 268 61 269 57
c 0.84 0.27 0.30
t 268 61 265 57 269 57
c 0.81 0.26 0.30
t 269 57 265 57 265 55
c 0.80 0.26 0.30
t 265 57 262 55 265 55
c 0.77 0.25 0.30
t 265 55 262 55 260 55
c 0.76 0.25 0.30
t 262 55 259 55 260 55
c 0.00 0.10 0.30
t 259 456 257 456 262 456
c 0.00 0.10 0.30
t 257 456 259 456 262 456
c 0.00 0.10 0.30
t 262 456 259 456 265 454
c 0.00 0.10 0.30
t 259 456 260 454 265 454
c 0.00 0.10 0.30
t 265 454 260 454 268 450
c 0.00 0.10 0.30
t 260 454 262 450 268 450
c 0.00 0.10 0.30
t 268 450 262 450 271 445
c 0.00 0.10 0.30
t 262 450 263 445 271 445
c 0.00 0.10 0.30
t 271 445 263 445 274 438
c 0.00 0.10 0.30
t 263 445 265 438 274 438
c 0.00 0.10 0.30
t 274 438 265 438 277 429
c 0.00 0.10 0.30
t 265 438 266 429 277 429
c 0.00 0.10 0.30
t 277 429 266 429 279 419
c 0.00 0.10 0.30
t 266 429 267 419 279 419
c 0.00 0.10 0.30
t 279 419 267 419 282 408
c 0.00 0.10 0.30
t 267 419 269 408 282 408
c 0.00 0.10 0.30
t 282 408 269 408 284 395
c 0.03 0.11 0.30
t 269 408 270 395 284 395
c 0.08 0.12 0.30
t 284 395 270 395 286 380
c 0.12 0.12 0.30
t 270 395 271 380 286 380
c 0.16 0.13 0.30
t 286 380 271 380 288 365
c 0.20 0.14 0.30
t 271 380 272 365 288 365
c 0.24 0.15 0.30
t 288 365 272 365 290 348
c 0.28 0.16 0.30
t 272 365 273 348 290 348
c 0.32 0.16 0.30
t 290 348 273 348 291 331
c 0.36 0.17 0.30
t 273 348 274 331 291 331
c 0.40 0.18 0.30
t 291 331 274 331 293 313
c 0.43 0.19 0.30
t 274 331 274 313 293 313
c 0.47 0.19 0.30
t 293 313 274 313 293 294
c 0.50 0.20 0.30
t 274 313 275 294 293 294
c 0.54 0.21 0.30
t 293 294 275 294 294 275
c 0.57 0.21 0.30
t 275 294 275 275 294 275
c 0.61 0.22 0.30
t 294 275 275 275 294 256
c 0.64 0.23 0.30
t 275 275 275 256 294 256
c 0.67 0.23 0.30
t 294 256 275 256 294 236
c 0.69 0.24 0.30
t 275 256 275 236 294 236
c 0.72 0.24 0.30
t 294 236 275 236 293 217
c 0.75 0.25 0.30
t 275 236 275 217 293 217
c 0.77 0.25 0.30
t 293 217 275 217 293 198
c 0.80 0.26 0.30
t 275 217 274 198 293 198
c 0.82 0.26 0.30
t 293 198 274 198 291 180
c 0.84 0.27 0.30
t 274 198 274 180 291 180
c 0.85 0.27 0.30
t 291 180 274 180 290 163
c 0.87 0.27 0.30
t 274 180 273 163 290 163
c 0.89 0.28 0.30
t 290 163 273 163 288 146
c 0.90 0.28 0.30
t 273 163 272 146 288 146
c 0.91 0.28 0.30
t 288 146 272 146 286 131
c 0.93 0.29 0.30
t 272 146 271 131 286 131
c 0.93 0.29 0.30
t 286 131 271 131 284 116
c 0.94 0.29 0.30
t 271 131 270 116 284 116
c 0.94 0.29 0.30
t 284 116 270 116 282 103
c 0.95 0.29 0.30
t 270 116 269 103 282 103
c 0.94 0.29 0.30
t 282 103 269 103 279 92
c 0.95 0.29 0.30
t 269 103 267 92 279 92
c 0.94 0.29 0.30
t 279 92 267 92 277 82
c 0.94 0.29 0.30
t 267 92 266 82 277 82
c 0.93 0.29 0.30
t 277 82 266 82 274 73
c 0.93 0.29 0.30
t 266 82 265 73 274 73
c 0.91 0.28 0.30
t 274 73 265 73 271 66
c 0.91 0.28 0.30
t 265 73 263 66 271 66
c 0.89 0.28 0.30
t 271 66 263 66 268 61
c 0.88 0.28 0.30
t 263 66 262 61 268 61
c 0.86 0.27 0.30
t 268 61 262 61 265 57
c 0.85 0.27 0.30
t 262 61 260 57 265 57
c 0.82 0.26 0.30
t 265 57 260 57 262 55
c 0.81 0.26 0.30
t 260 57 259 55 262 55
c 0.77 0.25 0.30
t 262 55 259 55 259 55
c 0.76 0.25 0.30
t 259 55 257 55 259 55
c 0.00 0.10 0.30
t 257 456 256 456 259 456
c 0.00 0.10 0.30
t 256 456 256 456 259 456
c 0.00 0.10 0.30
t 259 456 256 456 260 454
c 0.00 0.10 0.30
t 256 456 256 454 260 454
c 0.00 0.10 0.30
t 260 454 256 454 262 450
c 0.00 0.10 0.30
t 256 454 256 450 262 450
c 0.00 0.10 0.30
t 262 450 256 450 263 445
c 0.00 0.10 0.30
t 256 450 256 445 263 445
c 0.00 0.10 0.30
t 263 445 256 445 265 438
c 0.00 0.10 0.30
t 256 445 256 438 265 438
c 0.00 0.10 0.30
t 265 438 256 438 266 429
c 0.00 0.10 0.30
t 256 438 256 429 266 429
c 0.00 0.10 0.30
t 266 429 256 429 267 419
c 0.00 0.10 0.30
t 256 429 256 419 267 419
c 0.00 0.10 0.30
t 267 419 256 419 269 408
c 0.00 0.10 0.30
t 256 419 256 408 269 408
c 0.02 0.10 0.30
t 269 408 256 408 270 395
c 0.05 0.11 0.30
t 256 408 256 395 270 395
c 0.10 0.12 0.30
t 270 395 256 395 271 380
c 0.13 0.13 0.30
t 256 395 256 380 271 380
c 0.18 0.14 0.30
t 271 380 256 380 272 365
c 0.22 0.14 0.30
t 256 380 256 365 272 365
c 0.27 0.15 0.30
t 272 365 256 365 273 348
c 0.30 0.16 0.30
t 256 365 256 348 273 348
c 0.35 0.17 0.30
t 273 348 256 348 274 331
c 0.38 0.18 0.30
t 256 348 256 331 274 331
c 0.42 0.18 0.30
t 274 331 256 331 274 313
c 0.45 0.19 0.30
t 256 331 256 313 274 313
c 0.50 0.20 0.30
t 274 313 256 313 275 294
c 0.53 0.21 0.30
t 256 313 256 294 275 294
c 0.57 0.21 0.30
t 275 294 256 294 275 275
c 0.60 0.22 0.30
t 256 294 256 275 275 275
c 0.63 0.23 0.30
t 275 275 256 275 275 256
c 0.66 0.23 0.30
t 256 275 256 256 275 256
c 0.69 0.24 0.30
t 275 256 256 256 275 236
c 0.72 0.24 0.30
t 256 256 256 236 275 236
c 0.75 0.25 0.30
t 275 236 256 236 275 217
c 0.77 0.25 0.30
t 256 236 256 217 275 217
c 0.80 0.26 0.30
t 275 217 256 217 274 198
c 0.82 0.26 0.30
t 256 217 256 198 274 198
c 0.84 0.27 0.30
t 274 198 256 198 274 180
c 0.86 0.27 0.30
t 256 198 256 180 274 180
c 0.88 0.28 0.30
t 274 180 256 180 273 163
c 0.90 0.28 0.30
t 256 180 256 163 273 163
c 0.91 0.28 0.30
t 273 163 256 163 272 146
c 0.93 0.29 0.30
t 256 163 256 146 272 146
c 0.93 0.29 0.30
t 272 146 256 146 271 131
c 0.95 0.29 0.30
t 256 146 256 131 271 131
c 0.95 0.29 0.30
t 271 131 256 131 270 116
c 0.96 0.29 0.30
t 256 131 256 116 270 116
c 0.96 0.29 0.30
t 270 116 256 116 269 103
c 0.97 0.29 0.30
t 256 116 256 103 269 103
c 0.96 0.29 0.30
t 269 103 256 103 267 92
c 0.97 0.29 0.30
t 256 103 256 92 267 92
c 0.96 0.29 0.30
t 267 92 256 92 266 82
c 0.96 0.29 0.30
t 256 92 256 82 266 82
c 0.94 0.29 0.30
t 266 82 256 82 265 73
c 0.94 0.29 0.30
t 256 82 256 73 265 73
c 0.92 0.28 0.30
t 265 73 256 73 263 66
c 0.92 0.28 0.30
t 256 73 256 66 263 66
c 0.90 0.28 0.30
t 263 66 256 66 262 61
c 0.89 0.28 0.30
t 256 66 256 61 262 61
c 0.86 0.27 0.30
t 262 61 256 61 260 57
c 0.85 0.27 0.30
t 256 61 256 57 260 57
c 0.82 0.26 0.30
t 260 57 256 57 259 55
c 0.81 0.26 0.30
t 256 57 256 55 259 55
c 0.78 0.26 0.30
t 259 55 256 55 257 55
c 0.76 0.25 0.30
t 256 55 256 55 257 55
c 0.00 0.10 0.30
t 256 456 254 456 256 456
c 0.00 0.10 0.30
t 254 456 252 456 256 456
c 0.00 0.10 0.30
t 256 456 252 456 256 454
c 0.00 0.10 0.30
t 252 456 251 454 256 454
c 0.00 0.10 0.30
t 256 454 251 454 256 450
c 0.00 0.10 0.30
t 251 454 249 450 256 450
c 0.00 0.10 0.30
t 256 450 249 450 256 445
c 0.00 0.10 0.30
t 249 450 248 445 256 445
c 0.00 0.10 0.30
t 256 445 248 445 256 438
c 0.00 0.10 0.30
t 248 445 246 438 256 438
c 0.00 0.10 0.30
t 256 438 246 438 256 429
c 0.00 0.10 0.30
t 246 438 245 429 256 429
c 0.00 0.10 0.30
t 256 429 245 429 256 419
c 0.00 0.10 0.30
t 245 429 244 419 256 419
c 0.00 0.10 0.30
t 256 419 244 419 256 408
c 0.00 0.10 0.30
t 244 419 242 408 256 408
c 0.03 0.11 0.30
t 256 408 242 408 256 395
c 0.07 0.11 0.30
t 242 408 241 395 256 395
c 0.12 0.12 0.30
t 256 395 241 395 256 380
c 0.15 0.13 0.30
t 241 395 240 380 256 380
c 0.20 0.14 0.30
t 256 380 240 380 256 365
c 0.23 0.15 0.30
t 240 380 239 365 256 365
c 0.28 0.16 0.30
t 256 365 239 365 256 348
c 0.32 0.16 0.30
t 239 365 238 348 256 348
c 0.36 0.17 0.30
t 256 348 238 348 256 331
c 0.40 0.18 0.30
t 238 348 237 331 256 331
c 0.44 0.19 0.30
t 256 331 237 331 256 313
c 0.47 0.19 0.30
t 237 331 237 313 256 313
c 0.52 0.20 0.30
t 256 313 237 313 256 294
c 0.55 0.21 0.30
t 237 313 236 294 256 294
c 0.59 0.22 0.30
t 256 294 236 294 256 275
c 0.61 0.22 0.30
t 236 294 236 275 256 275
c 0.65 0.23 0.30
t 256 275 236 275 256 256
c 0.68 0.24 0.30
t 236 275 236 256 256 256
c 0.71 0.24 0.30
t 256 256 236 256 256 236
c 0.74 0.25 0.30
t 236 256 236 236 256 236
c 0.77 0.25 0.30
t 256 236 236 236 256 217
c 0.79 0.26 0.30
t 236 236 236 217 256 217
c 0.82 0.26 0.30
t 256 217 236 217 256 198
c 0.84 0.27 0.30
t 236 217 237 198 256 198
c 0.86 0.27 0.30
t 256 198 237 198 256 180
c 0.88 0.28 0.30
t 237 198 237 180 256 180
c 0.90 0.28 0.30
t 256 180 237 180 256 163
c 0.91 0.28 0.30
t 237 180 238 163 256 163
c 0.93 0.29 0.30
t 256 163 238 163 256 146
c 0.94 0.29 0.30
t 238 163 239 146 256 146
c 0.95 0.29 0.30
t 256 146 239 146 256 131
c 0.96 0.29 0.30
t 239 146 240 131 256 131
c 0.97 0.29 0.30
t 256 131 240 131 256 116
c 0.98 0.30 0.30
t 240 131 241 116 256 116
c 0.98 0.30 0.30
t 256 116 241 116 256 103
c 0.98 0.30 0.30
t 241 116 242 103 256 103
c 0.98 0.30 0.30
t 256 103 242 103 256 92
c 0.98 0.30 0.30
t 242 103 244 92 256 92
c 0.97 0.29 0.30
t 256 92 244 92 256 82
c 0.97 0.29 0.30
t 244 92 245 82 256 82
c 0.96 0.29 0.30
t 256 82 245 82 256 73
c 0.95 0.29 0.30
t 245 82 246 73 256 73
c 0.93 0.29 0.30
t 256 73 246 73 256 66
c 0.93 0.29 0.30
t 246 73 248 66 256 66
c 0.91 0.28 0.30
t 256 66 248 66 256 61
c 0.90 0.28 0.30
t 248 66 249 61 256 61
c 0.87 0.27 0.30
t 256 61 249 61 256 57
c 0.86 0.27 0.30
t 249 61 251 57 256 57
c 0.83 0.27 0.30
t 256 57 251 57 256 55
c 0.82 0.26 0.30
t 251 57 252 55 256 55
c 0.78 0.26 0.30
t 256 55 252 55 256 55
c 0.76 0.25 0.30
t 252 55 254 55 256 55
c 0.00 0.10 0.30
t 254 456 252 456 252 456
c 0.00 0.10 0.30
t 252 456 249 456 252 456
c 0.00 0.10 0.30
t 252 456 249 456 251 454
c 0.00 0.10 0.30
t 249 456 246 454 251 454
c 0.00 0.10 0.30
t 251 454 246 454 249 450
c 0.00 0.10 0.30
t 246 454 243 450 249 450
c 0.00 0.10 0.30
t 249 450 243 450 248 445
c 0.00 0.10 0.30
t 243 450 240 445 248 445
c 0.00 0.10 0.30
t 248 445 240 445 246 438
c 0.00 0.10 0.30
t 240 445 237 438 246 438
c 0.00 0.10 0.30
t 246 438 237 438 245 429
c 0.00 0.10 0.30
t 237 438 234 429 245 429
c 0.00 0.10 0.30
t 245 429 234 429 244 419
c 0.00 0.10 0.30
t 234 429 232 419 244 419
c 0.00 0.10 0.30
t 244 419 232 419 242 408
c 0.00 0.10 0.30
t 232 419 229 408 242 408
c 0.04 0.11 0.30
t 242 408 229 408 241 395
c 0.08 0.12 0.30
t 229 408 227 395 241 395
c 0.13 0.13 0.30
t 241 395 227 395 240 380
c 0.16 0.13 0.30
t 227 395 225 380 240 380
c 0.21 0.14 0.30
t 240 380 225 380 239 365
c 0.25 0.15 0.30
t 225 380 223 365 239 365
c 0.30 0.16 0.30
t 239 365 223 365 238 348
c 0.33 0.17 0.30
t 223 365 221 348 238 348
c 0.38 0.18 0.30
t 238 348 221 348 237 331
c 0.41 0.18 0.30
t 221 348 220 331 237 331
c 0.46 0.19 0.30
t 237 331 220 331 237 313
c 0.49 0.20 0.30
t 220 331 218 313 237 313
c 0.53 0.21 0.30
t 237 313 218 313 236 294
c 0.56 0.21 0.30
t 218 313 218 294 236 294
c 0.60 0.22 0.30
t 236 294 218 294 236 275
c 0.63 0.23 0.30
t 218 294 217 275 236 275
c 0.67 0.23 0.30
t 236 275 217 275 236 256
c 0.69 0.24 0.30
t 217 275 217 256 236 256
c 0.73 0.25 0.30
t 236 256 217 256 236 236
c 0.75 0.25 0.30
t 217 256 217 236 236 236
c 0.78 0.26 0.30
t 236 236 217 236 236 217
c 0.81 0.26 0.30
t 217 236 218 217 236 217
c 0.83 0.27 0.30
t 236 217 218 217 237 198
c 0.85 0.27 0.30
t 218 217 218 198 237 198
c 0.88 0.28 0.30
t 237 198 218 198 237 180
c 0.89 0.28 0.30
t 218 198 220 180 237 180
c 0.91 0.28 0.30
t 237 180 220 180 238 163
c 0.93 0.29 0.30
t 220 180 221 163 238 163
c 0.94 0.29 0.30
t 238 163 221 163 239 146
c 0.95 0.29 0.30
t 221 163 223 146 239 146
c 0.96 0.29 0.30
t 239 146 223 146 240 131
c 0.97 0.29 0.30
t 223 146 225 131 240 131
c 0.98 0.30 0.30
t 240 131 225 131 241 116
c 0.99 0.30 0.30
t 225 131 227 116 241 116
c 0.99 0.30 0.30
t 241 116 227 116 242 103
c 0.99 0.30 0.30
t 227 116 229 103 242 103
c 0.99 0.30 0.30
t 242 103 229 103 244 92
c 0.99 0.30 0.30
t 229 103 232 92 244 92
c 0.98 0.30 0.30
t 244 92 232 92 245 82
c 0.98 0.30 0.30
t 232 92 234 82 245 82
c 0.96 0.29 0.30
t 245 82 234 82 246 73
c 0.96 0.29 0.30
t 234 82 237 73 246 73
c 0.94 0.29 0.30
t 246 73 237 73 248 66
c 0.93 0.29 0.30
t 237 73 240 66 248 66
c 0.91 0.28 0.30
t 248 66 240 66 249 61
c 0.90 0.28 0.30
t 240 66 243 61 249 61
c 0.88 0.28 0.30
t 249 61 243 61 251 57
c 0.86 0.27 0.30
t 243 61 246 57 251 57
c 0.83 0.27 0.30
t 251 57 246 57 252 55
c 0.82 0.26 0.30
t 246 57 249 55 252 55
c 0.78 0.26 0.30
t 252 55 249 55 254 55
c 0.77 0.25 0.30
t 249 55 252 55 254 55
c 0.00 0.10 0.30
t 252 456 251 456 249 456
c 0.00 0.10 0.30
t 251 456 246 456 249 456
c 0.00 0.10 0.30
t 249 456 246 456 246 454
c 0.00 0.10 0.30
t 246 456 242 454 246 454
c 0.00 0.10 0.30
t 246 454 242 454 243 450
c 0.00 0.10 0.30
t 242 454 237 450 243 450
c 0.00 0.10 0.30
t 243 450 237 450 240 445
c 0.00 0.10 0.30
t 237 450 233 444 240 445
c 0.00 0.10 0.30
t 240 445 233 444 237 438
c 0.00 0.10 0.30
t 233 444 228 437 237 438
c 0.00 0.10 0.30
t 237 438 228 437 234 429
c 0.00 0.10 0.30
t 228 437 224 429 234 429
c 0.00 0.10 0.30
t 234 429 224 429 232 419
c 0.00 0.10 0.30
t 224 429 220 419 232 419
c 0.00 0.10 0.30
t 232 419 220 419 229 408
c 0.00 0.10 0.30
t 220 419 216 407 229 408
c 0.05 0.11 0.30
t 229 408 216 407 227 395
c 0.08 0.12 0.30
t 216 407 213 394 227 395
c 0.14 0.13 0.30
t 227 395 213 394 225 380
c 0.17 0.13 0.30
t 213 394 209 380 225 380
c 0.22 0.14 0.30
t 225 380 209 380 223 365
c 0.25 0.15 0.30
t 209 380 207 365 223 365
c 0.31 0.16 0.30
t 223 365 207 365 221 348
c 0.34 0.17 0.30
t 207 365 204 348 221 348
c 0.39 0.18 0.30
t 221 348 204 348 220 331
c 0.42 0.18 0.30
t 204 348 202 331 220 331
c 0.47 0.19 0.30
t 220 331 202 331 218 313
c 0.49 0.20 0.30
t 202 331 200 313 218 313
c 0.54 0.21 0.30
t 218 313 200 313 218 294
c 0.57 0.21 0.30
t 200 313 199 294 218 294
c 0.61 0.22 0.30
t 218 294 199 294 217 275
c 0.64 0.23 0.30
t 199 294 198 275 217 275
c 0.68 0.24 0.30
t 217 275 198 275 217 256
c 0.70 0.24 0.30
t 198 275 198 256 217 256
c 0.74 0.25 0.30
t 217 256 198 256 217 236
c 0.76 0.25 0.30
t 198 256 198 236 217 236
c 0.79 0.26 0.30
t 217 236 198 236 218 217
c 0.81 0.26 0.30
t 198 236 199 217 218 217
c 0.84 0.27 0.30
t 218 217 199 217 218 198
c 0.86 0.27 0.30
t 199 217 200 198 218 198
c 0.89 0.28 0.30
t 218 198 200 198 220 180
c 0.90 0.28 0.30
t 200 198 202 180 220 180
c 0.92 0.28 0.30
t 220 180 202 180 221 163
c 0.93 0.29 0.30
t 202 180 204 163 221 163
c 0.95 0.29 0.30
t 221 163 204 163 223 146
c 0.96 0.29 0.30
t 204 163 207 146 223 146
c 0.97 0.29 0.30
t 223 146 207 146 225 131
c 0.98 0.30 0.30
t 207 146 209 131 225 131
c 0.99 0.30 0.30
t 225 131 209 131 227 116
c 0.99 0.30 0.30
t 209 131 213 117 227 116
c 0.99 0.30 0.30
t 227 116 213 117 229 103
c 1.00 0.30 0.30
t 213 117 216 104 229 103
c 0.99 0.30 0.30
t 229 103 216 104 232 92
c 0.99 0.30 0.30
t 216 104 220 92 232 92
c 0.99 0.30 0.30
t 232 92 220 92 234 82
c 0.98 0.30 0.30
t 220 92 224 82 234 82
c 0.97 0.29 0.30
t 234 82 224 82 237 73
c 0.96 0.29 0.30
t 224 82 228 74 237 73
c 0.95 0.29 0.30
t 237 73 228 74 240 66
c 0.94 0.29 0.30
t 228 74 233 67 240 66
c 0.92 0.28 0.30
t 240 66 233 67 243 61
c 0.91 0.28 0.30
t 233 67 237 61 243 61
c 0.88 0.28 0.30
t 243 61 237 61 246 57
c 0.87 0.27 0.30
t 237 61 242 57 246 57
c 0.84 0.27 0.30
t 246 57 242 57 249 55
c 0.82 0.26 0.30
t 242 57 246 55 249 55
c 0.78 0.26 0.30
t 249 55 246 55 252 55
c 0.77 0.25 0.30
t 246 55 251 55 252 55
c 0.00 0.10 0.30
t 251 456 249 456 246 456
c 0.00 0.10 0.30
t 249 456 243 456 246 456
c 0.00 0.10 0.30
t 246 456 243 456 242 454
c 0.00 0.10 0.30
t 243 456 237 454 242 454
c 0.00 0.10 0.30
t 242 454 237 454 237 450
c 0.00 0.10 0.30
t 237 454 231 450 237 450
c 0.00 0.10 0.30
t 237 450 231 450 233 444
c 0.00 0.10 0.30
t 231 450 225 444 233 444
c 0.00 0.10 0.30
t 233 444 225 444 228 437
c 0.00 0.10 0.30
t 225 444 220 437 228 437
c 0.00 0.10 0.30
t 228 437 220 437 224 429
c 0.00 0.10 0.30
t 220 437 214 429 224 429
c 0.00 0.10 0.30
t 224 429 214 429 220 419
c 0.00 0.10 0.30
t 214 429 209 419 220 419
c 0.00 0.10 0.30
t 220 419 209 419 216 407
c 0.00 0.10 0.30
t 209 419 204 407 216 407
c 0.05 0.11 0.30
t 216 407 204 407 213 394
c 0.08 0.12 0.30
t 204 407 199 394 213 394
c 0.14 0.13 0.30
t 213 394 199 394 209 380
c 0.17 0.13 0.30
t 199 394 195 380 209 380
c 0.23 0.15 0.30
t 209 380 195 380 207 365
c 0.26 0.15 0.30
t 195 380 191 364 207 365
c 0.31 0.16 0.30
t 207 365 191 364 204 348
c 0.34 0.17 0.30
t 191 364 188 348 204 348
c 0.39 0.18 0.30
t 204 348 188 348 202 331
c 0.42 0.18 0.30
t 188 348 185 331 202 331
c 0.47 0.19 0.30
t 202 331 185 331 200 313
c 0.50 0.20 0.30
t 185 331 183 312 200 313
c 0.55 0.21 0.30
t 200 313 183 312 199 294
c 0.57 0.21 0.30
t 183 312 181 294 199 294
c 0.62 0.22 0.30
t 199 294 181 294 198 275
c 0.64 0.23 0.30
t 181 294 180 275 198 275
c 0.68 0.24 0.30
t 198 275 180 275 198 256
c 0.70 0.24 0.30
t 180 275 180 256 198 256
c 0.74 0.25 0.30
t 198 256 180 256 198 236
c 0.76 0.25 0.30
t 180 256 180 236 198 236
c 0.80 0.26 0.30
t 198 236 180 236 199 217
c 0.82 0.26 0.30
t 180 236 181 217 199 217
c 0.85 0.27 0.30
t 199 217 181 217 200 198
c 0.86 0.27 0.30
t 181 217 183 199 200 198
c 0.89 0.28 0.30
t 200 198 183 199 202 180
c 0.90 0.28 0.30
t 183 199 185 180 202 180
c 0.93 0.29 0.30
t 202 180 185 180 204 163
c 0.94 0.29 0.30
t 185 180 188 163 204 163
c 0.96 0.29 0.30
t 204 163 188 163 207 146
c 0.96 0.29 0.30
t 188 163 191 147 207 146
c 0.98 0.30 0.30
t 207 146 191 147 209 131
c 0.98 0.30 0.30
t 191 147 195 131 209 131
c 0.99 0.30 0.30
t 209 131 195 131 213 117
c 0.99 0.30 0.30
t 195 131 199 117 213 117
c 1.00 0.30 0.30
t 213 117 199 117 216 104
c 1.00 0.30 0.30
t 199 117 204 104 216 104
c 1.00 0.30 0.30
t 216 104 204 104 220 92
c 1.00 0.30 0.30
t 204 104 209 92 220 92
c 0.99 0.30 0.30
t 220 92 209 92 224 82
c 0.98 0.30 0.30
t 209 92 214 82 224 82
c 0.97 0.29 0.30
t 224 82 214 82 228 74
c 0.97 0.29 0.30
t 214 82 220 74 228 74
c 0.95 0.29 0.30
t 228 74 220 74 233 67
c 0.94 0.29 0.30
t 220 74 225 67 233 67
c 0.92 0.28 0.30
t 233 67 225 67 237 61
c 0.91 0.28 0.30
t 225 67 231 61 237 61
c 0.88 0.28 0.30
t 237 61 231 61 242 57
c 0.87 0.27 0.30
t 231 61 237 57 242 57
c 0.84 0.27 0.30
t 242 57 237 57 246 55
c 0.82 0.26 0.30
t 237 57 243 55 246 55
c 0.79 0.26 0.30
t 246 55 243 55 251 55
c 0.77 0.25 0.30
t 243 55 249 55 251 55
c 0.00 0.10 0.30
t 249 456 248 456 243 456
c 0.00 0.10 0.30
t 248 456 241 456 243 456
c 0.00 0.10 0.30
t 243 456 241 456 237 454
c 0.00 0.10 0.30
t 241 456 233 453 237 454
c 0.00 0.10 0.30
t 237 454 233 453 231 450
c 0.00 0.10 0.30
t 233 453 226 449 231 450
c 0.00 0.10 0.30
t 231 450 226 449 225 444
c 0.00 0.10 0.30
t 226 449 218 444 225 444
c 0.00 0.10 0.30
t 225 444 218 444 220 437
c 0.00 0.10 0.30
t 218 444 211 437 220 437
c 0.00 0.10 0.30
t 220 437 211 437 214 429
c 0.00 0.10 0.30
t 211 437 204 428 214 429
c 0.00 0.10 0.30
t 214 429 204 428 209 419
c 0.00 0.10 0.30
t 204 428 198 418 209 419
c 0.00 0.10 0.30
t 209 419 198 418 204 407
c 0.00 0.10 0.30
t 198 418 192 407 204 407
c 0.05 0.11 0.30
t 204 407 192 407 199 394
c 0.08 0.12 0.30
t 192 407 186 394 199 394
c 0.14 0.13 0.30
t 199 394 186 394 195 380
c 0.17 0.13 0.30
t 186 394 181 379 195 380
c 0.23 0.15 0.30
t 195 380 181 379 191 364
c 0.25 0.15 0.30
t 181 379 176 364 191 364
c 0.31 0.16 0.30
t 191 364 176 364 188 348
c 0.34 0.17 0.30
t 176 364 172 348 188 348
c 0.39 0.18 0.30
t 188 348 172 348 185 331
c 0.42 0.18 0.30
t 172 348 169 330 185 331
c 0.47 0.19 0.30
t 185 331 169 330 183 312
c 0.49 0.20 0.30
t 169 330 166 312 183 312
c 0.55 0.21 0.30
t 183 312 166 312 181 294
c 0.57 0.21 0.30
t 166 312 164 294 181 294
c 0.62 0.22 0.30
t 181 294 164 294 180 275
c 0.64 0.23 0.30
t 164 294 163 275 180 275
c 0.68 0.24 0.30
t 180 275 163 275 180 256
c 0.70 0.24 0.30
t 163 275 163 256 180 256
c 0.74 0.25 0.30
t 180 256 163 256 180 236
c 0.76 0.25 0.30
t 163 256 163 236 180 236
c 0.80 0.26 0.30
t 180 236 163 236 181 217
c 0.81 0.26 0.30
t 163 236 164 217 181 217
c 0.85 0.27 0.30
t 181 217 164 217 183 199
c 0.86 0.27 0.30
t 164 217 166 199 183 199
c 0.89 0.28 0.30
t 183 199 166 199 185 180
c 0.90 0.28 0.30
t 166 199 169 181 185 180
c 0.93 0.29 0.30
t 185 180 169 181 188 163
c 0.93 0.29 0.30
t 169 181 172 163 188 163
c 0.95 0.29 0.30
t 188 163 172 163 191 147
c 0.96 0.29 0.30
t 172 163 176 147 191 147
c 0.98 0.30 0.30
t 191 147 176 147 195 131
c 0.98 0.30 0.30
t 176 147 181 132 195 131
c 0.99 0.30 0.30
t 195 131 181 132 199 117
c 0.99 0.30 0.30
t 181 132 186 117 199 117
c 1.00 0.30 0.30
t 199 117 186 117 204 104
c 1.00 0.30 0.30
t 186 117 192 104 204 104
c 1.00 0.30 0.30
t 204 104 192 104 209 92
c 0.99 0.30 0.30
t 192 104 198 93 209 92
c 0.99 0.30 0.30
t 209 92 198 93 214 82
c 0.98 0.30 0.30
t 198 93 204 83 214 82
c 0.97 0.29 0.30
t 214 82 204 83 220 74
c 0.96 0.29 0.30
t 204 83 211 74 220 74
c 0.95 0.29 0.30
t 220 74 211 74 225 67
c 0.94 0.29 0.30
t 211 74 218 67 225 67
c 0.92 0.28 0.30
t 225 67 218 67 231 61
c 0.91 0.28 0.30
t 218 67 226 62 231 61
c 0.88 0.28 0.30
t 231 61 226 62 237 57
c 0.87 0.27 0.30
t 226 62 233 58 237 57
c 0.84 0.27 0.30
t 237 57 233 58 243 55
c 0.82 0.26 0.30
t 233 58 241 55 243 55
c 0.79 0.26 0.30
t 243 55 241 55 249 55
c 0.77 0.25 0.30
t 241 55 248 55 249 55
c 0.00 0.10 0.30
t 248 456 247 456 241 456
c 0.00 0.10 0.30
t 247 456 238 455 241 456
c 0.00 0.10 0.30
t 241 456 238 455 233 453
c 0.00 0.10 0.30
t 238 455 229 453 233 453
c 0.00 0.10 0.30
t 233 453 229 453 226 449
c 0.00 0.10 0.30
t 229 453 220 449 226 449
c 0.00 0.10 0.30
t 226 449 220 449 218 444
c 0.00 0.10 0.30
t 220 449 212 444 218 444
c 0.00 0.10 0.30
t 218 444 212 444 211 437
c 0.00 0.10 0.30
t 212 444 203 437 211 437
c 0.00 0.10 0.30
t 211 437 203 437 204 428
c 0.00 0.10 0.30
t 203 437 195 428 204 428
c 0.00 0.10 0.30
t 204 428 195 428 198 418
c 0.00 0.10 0.30
t 195 428 187 418 198 418
c 0.00 0.10 0.30
t 198 418 187 418 192 407
c 0.00 0.10 0.30
t 187 418 180 406 192 407
c 0.05 0.11 0.30
t 192 407 180 406 186 394
c 0.08 0.12 0.30
t 180 406 173 393 186 394
c 0.14 0.13 0.30
t 186 394 173 393 181 379
c 0.16 0.13 0.30
t 173 393 167 379 181 379
c 0.22 0.14 0.30
t 181 379 167 379 176 364
c 0.25 0.15 0.30
t 167 379 162 364 176 364
c 0.30 0.16 0.30
t 176 364 162 364 172 348
c 0.33 0.17 0.30
t 162 364 157 347 172 348
c 0.39 0.18 0.30
t 172 348 157 347 169 330
c 0.41 0.18 0.30
t 157 347 153 330 169 330
c 0.46 0.19 0.30
t 169 330 153 330 166 312
c 0.49 0.20 0.30
t 153 330 150 312 166 312
c 0.54 0.21 0.30
t 166 312 150 312 164 294
c 0.56 0.21 0.30
t 150 312 148 293 164 294
c 0.61 0.22 0.30
t 164 294 148 293 163 275
c 0.63 0.23 0.30
t 148 293 146 275 163 275
c 0.68 0.24 0.30
t 163 275 146 275 163 256
c 0.69 0.24 0.30
t 146 275 146 256 163 256
c 0.74 0.25 0.30
t 163 256 146 256 163 236
c 0.75 0.25 0.30
t 146 256 146 236 163 236
c 0.79 0.26 0.30
t 163 236 146 236 164 217
c 0.81 0.26 0.30
t 146 236 148 218 164 217
c 0.84 0.27 0.30
t 164 217 148 218 166 199
c 0.85 0.27 0.30
t 148 218 150 199 166 199
c 0.88 0.28 0.30
t 166 199 150 199 169 181
c 0.89 0.28 0.30
t 150 199 153 181 169 181
c 0.92 0.28 0.30
t 169 181 153 181 172 163
c 0.93 0.29 0.30
t 153 181 157 164 172 163
c 0.95 0.29 0.30
t 172 163 157 164 176 147
c 0.95 0.29 0.30
t 157 164 162 147 176 147
c 0.97 0.29 0.30
t 176 147 162 147 181 132
c 0.97 0.29 0.30
t 162 147 167 132 181 132
c 0.99 0.30 0.30
t 181 132 167 132 186 117
c 0.99 0.30 0.30
t 167 132 173 118 186 117
c 0.99 0.30 0.30
t 186 117 173 118 192 104
c 0.99 0.30 0.30
t 173 118 180 105 192 104
c 0.99 0.30 0.30
t 192 104 180 105 198 93
c 0.99 0.30 0.30
t 180 105 187 93 198 93
c 0.98 0.30 0.30
t 198 93 187 93 204 83
c 0.98 0.30 0.30
t 187 93 195 83 204 83
c 0.97 0.29 0.30
t 204 83 195 83 211 74
c 0.96 0.29 0.30
t 195 83 203 74 211 74
c 0.95 0.29 0.30
t 211 74 203 74 218 67
c 0.93 0.29 0.30
t 203 74 212 67 218 67
c 0.92 0.28 0.30
t 218 67 212 67 226 62
c 0.90 0.28 0.30
t 212 67 220 62 226 62
c 0.88 0.28 0.30
t 226 62 220 62 233 58
c 0.86 0.27 0.30
t 220 62 229 58 233 58
c 0.83 0.27 0.30
t 233 58 229 58 241 55
c 0.82 0.26 0.30
t 229 58 238 56 241 55
c 0.78 0.26 0.30
t 241 55 238 56 248 55
c 0.77 0.25 0.30
t 238 56 247 55 248 55
c 0.00 0.10 0.30
t 247 456 245 456 238 455
c 0.00 0.10 0.30
t 245 456 235 455 238 455
c 0.00 0.10 0.30
t 238 455 235 455 229 453
c 0.00 0.10 0.30
t 235 455 225 453 229 453
c 0.00 0.10 0.30
t 229 453 225 453 220 449
c 0.00 0.10 0.30
t 225 453 215 449 220 449
c 0.00 0.10 0.30
t 220 449 215 449 212 444
c 0.00 0.10 0.30
t 215 449 205 443 212 444
c 0.00 0.10 0.30
t 212 444 205 443 203 437
c 0.00 0.10 0.30
t 205 443 196 436 203 437
c 0.00 0.10 0.30
t 203 437 196 436 195 428
c 0.00 0.10 0.30
t 196 436 186 427 195 428
c 0.00 0.10 0.30
t 195 428 186 427 187 418
c 0.00 0.10 0.30
t 186 427 178 417 187 418
c 0.00 0.10 0.30
t 187 418 178 417 180 406
c 0.00 0.10 0.30
t 178 417 169 406 180 406
c 0.04 0.11 0.30
t 180 406 169 406 173 393
c 0.07 0.11 0.30
t 169 406 162 393 173 393
c 0.13 0.13 0.30
t 173 393 162 393 167 379
c 0.15 0.13 0.30
t 162 393 155 378 167 379
c 0.21 0.14 0.30
t 167 379 155 378 162 364
c 0.23 0.15 0.30
t 155 378 149 363 162 364
c 0.29 0.16 0.30
t 162 364 149 363 157 347
c 0.32 0.16 0.30
t 149 363 143 347 157 347
c 0.38 0.18 0.30
t 157 347 143 347 153 330
c 0.40 0.18 0.30
t 143 347 139 330 153 330
c 0.45 0.19 0.30
t 153 330 139 330 150 312
c 0.47 0.19 0.30
t 139 330 135 312 150 312
c 0.53 0.21 0.30
t 150 312 135 312 148 293
c 0.55 0.21 0.30
t 135 312 133 293 148 293
c 0.60 0.22 0.30
t 148 293 133 293 146 275
c 0.62 0.22 0.30
t 133 293 131 274 146 275
c 0.66 0.23 0.30
t 146 275 131 274 146 256
c 0.68 0.24 0.30
t 131 274 131 256 146 256
c 0.72 0.24 0.30
t 146 256 131 256 146 236
c 0.74 0.25 0.30
t 131 256 131 237 146 236
c 0.78 0.26 0.30
t 146 236 131 237 148 218
c 0.79 0.26 0.30
t 131 237 133 218 148 218
c 0.83 0.27 0.30
t 148 218 133 218 150 199
c 0.84 0.27 0.30
t 133 218 135 199 150 199
c 0.87 0.27 0.30
t 150 199 135 199 153 181
c 0.88 0.28 0.30
t 135 199 139 181 153 181
c 0.91 0.28 0.30
t 153 181 139 181 157 164
c 0.91 0.28 0.30
t 139 181 143 164 157 164
c 0.94 0.29 0.30
t 157 164 143 164 162 147
c 0.94 0.29 0.30
t 143 164 149 148 162 147
c 0.96 0.29 0.30
t 162 147 149 148 167 132
c 0.96 0.29 0.30
t 149 148 155 133 167 132
c 0.98 0.30 0.30
t 167 132 155 133 173 118
c 0.98 0.30 0.30
t 155 133 162 118 173 118
c 0.98 0.30 0.30
t 173 118 162 118 180 105
c 0.98 0.30 0.30
t 162 118 169 105 180 105
c 0.98 0.30 0.30
t 180 105 169 105 187 93
c 0.98 0.30 0.30
t 169 105 178 94 187 93
c 0.98 0.30 0.30
t 187 93 178 94 195 83
c 0.97 0.29 0.30
t 178 94 186 84 195 83
c 0.96 0.29 0.30
t 195 83 186 84 203 74
c 0.95 0.29 0.30
t 186 84 196 75 203 74
c 0.94 0.29 0.30
t 203 74 196 75 212 67
c 0.93 0.29 0.30
t 196 75 205 68 212 67
c 0.91 0.28 0.30
t 212 67 205 68 220 62
c 0.90 0.28 0.30
t 205 68 215 62 220 62
c 0.87 0.27 0.30
t 220 62 215 62 229 58
c 0.86 0.27 0.30
t 215 62 225 58 229 58
c 0.83 0.27 0.30
t 229 58 225 58 238 56
c 0.81 0.26 0.30
t 225 58 235 56 238 56
c 0.78 0.26 0.30
t 238 56 235 56 247 55
c 0.76 0.25 0.30
t 235 56 245 55 247 55
c 0.00 0.10 0.30
t 245 456 244 456 235 455
c 0.00 0.10 0.30
t 244 456 233 455 235 455
c 0.00 0.10 0.30
t 235 455 233 455 225 453
c 0.00 0.10 0.30
t 233 455 222 453 225 453
c 0.00 0.10 0.30
t 225 453 222 453 215 449
c 0.00 0.10 0.30
t 222 453 210 448 215 449
c 0.00 0.10 0.30
t 215 449 210 448 205 443
c 0.00 0.10 0.30
t 210 448 199 443 205 443
c 0.00 0.10 0.30
t 205 443 199 443 196 436
c 0.00 0.10 0.30
t 199 443 189 436 196 436
c 0.00 0.10 0.30
t 196 436 189 436 186 427
c 0.00 0.10 0.30
t 189 436 178 427 186 427
c 0.00 0.10 0.30
t 186 427 178 427 178 417
c 0.00 0.10 0.30
t 178 427 169 417 178 417
c 0.00 0.10 0.30
t 178 417 169 417 169 406
c 0.00 0.10 0.30
t 169 417 159 405 169 406
c 0.03 0.11 0.30
t 169 406 159 405 162 393
c 0.05 0.11 0.30
t 159 405 151 392 162 393
c 0.11 0.12 0.30
t 162 393 151 392 155 378
c 0.14 0.13 0.30
t 151 392 143 378 155 378
c 0.20 0.14 0.30
t 155 378 143 378 149 363
c 0.22 0.14 0.30
t 143 378 136 363 149 363
c 0.28 0.16 0.30
t 149 363 136 363 143 347
c 0.30 0.16 0.30
t 136 363 130 346 143 347
c 0.36 0.17 0.30
t 143 347 130 346 139 330
c 0.38 0.18 0.30
t 130 346 125 329 139 330
c 0.44 0.19 0.30
t 139 330 125 329 135 312
c 0.46 0.19 0.30
t 125 329 121 311 135 312
c 0.51 0.20 0.30
t 135 312 121 311 133 293
c 0.53 0.21 0.30
t 121 311 119 293 133 293
c 0.58 0.22 0.30
t 133 293 119 293 131 274
c 0.60 0.22 0.30
t 119 293 117 274 131 274
c 0.65 0.23 0.30
t 131 274 117 274 131 256
c 0.66 0.23 0.30
t 117 274 116 256 131 256
c 0.71 0.24 0.30
t 131 256 116 256 131 237
c 0.72 0.24 0.30
t 116 256 117 237 131 237
c 0.76 0.25 0.30
t 131 237 117 237 133 218
c 0.77 0.25 0.30
t 117 237 119 218 133 218
c 0.81 0.26 0.30
t 133 218 119 218 135 199
c 0.82 0.26 0.30
t 119 218 121 200 135 199
c 0.86 0.27 0.30
t 135 199 121 200 139 181
c 0.86 0.27 0.30
t 121 200 125 182 139 181
c 0.89 0.28 0.30
t 139 181 125 182 143 164
c 0.90 0.28 0.30
t 125 182 130 165 143 164
c 0.92 0.28 0.30
t 143 164 130 165 149 148
c 0.93 0.29 0.30
t 130 165 136 148 149 148
c 0.95 0.29 0.30
t 149 148 136 148 155 133
c 0.95 0.29 0.30
t 136 148 143 133 155 133
c 0.96 0.29 0.30
t 155 133 143 133 162 118
c 0.96 0.29 0.30
t 143 133 151 119 162 118
c 0.97 0.29 0.30
t 162 118 151 119 169 105
c 0.97 0.29 0.30
t 151 119 159 106 169 105
c 0.97 0.29 0.30
t 169 105 159 106 178 94
c 0.97 0.29 0.30
t 159 106 169 94 178 94
c 0.97 0.29 0.30
t 178 94 169 94 186 84
c 0.96 0.29 0.30
t 169 94 178 84 186 84
c 0.95 0.29 0.30
t 186 84 178 84 196 75
c 0.94 0.29 0.30
t 178 84 189 75 196 75
c 0.93 0.29 0.30
t 196 75 189 75 205 68
c 0.92 0.28 0.30
t 189 75 199 68 205 68
c 0.90 0.28 0.30
t 205 68 199 68 215 62
c 0.89 0.28 0.30
t 199 68 210 63 215 62
c 0.87 0.27 0.30
t 215 62 210 63 225 58
c 0.85 0.27 0.30
t 210 63 222 58 225 58
c 0.83 0.27 0.30
t 225 58 222 58 235 56
c 0.81 0.26 0.30
t 222 58 233 56 235 56
c 0.78 0.26 0.30
t 235 56 233 56 245 55
c 0.76 0.25 0.30
t 233 56 244 55 245 55
c 0.00 0.10 0.30
t 233 455 231 455 222 453
c 0.00 0.10 0.30
t 231 455 218 452 222 453
c 0.00 0.10 0.30
t 222 453 218 452 210 448
c 0.00 0.10 0.30
t 218 452 206 448 210 448
c 0.00 0.10 0.30
t 210 448 206 448 199 443
c 0.00 0.10 0.30
t 206 448 194 442 199 443
c 0.00 0.10 0.30
t 199 443 194 442 189 436
c 0.00 0.10 0.30
t 194 442 182 435 189 436
c 0.00 0.10 0.30
t 189 436 182 435 178 427
c 0.00 0.10 0.30
t 182 435 171 426 178 427
c 0.00 0.10 0.30
t 178 427 171 426 169 417
c 0.00 0.10 0.30
t 171 426 160 416 169 417
c 0.00 0.10 0.30
t 169 417 160 416 159 405
c 0.00 0.10 0.30
t 160 416 150 404 159 405
c 0.01 0.10 0.30
t 159 405 150 404 151 392
c 0.03 0.11 0.30
t 150 404 141 391 151 392
c 0.10 0.12 0.30
t 151 392 141 391 143 378
c 0.12 0.12 0.30
t 141 391 133 377 143 378
c 0.18 0.14 0.30
t 143 378 133 377 136 363
c 0.20 0.14 0.30
t 133 377 125 362 136 363
c 0.26 0.15 0.30
t 136 363 125 362 130 346
c 0.28 0.16 0.30
t 125 362 119 346 130 346
c 0.34 0.17 0.30
t 130 346 119 346 125 329
c 0.36 0.17 0.30
t 119 346 113 329 125 329
c 0.42 0.18 0.30
t 125 329 113 329 121 311
c 0.43 0.19 0.30
t 113 329 109 311 121 311
c 0.49 0.20 0.30
t 121 311 109 311 119 293
c 0.50 0.20 0.30
t 109 311 106 293 119 293
c 0.56 0.21 0.30
t 119 293 106 293 117 274
c 0.57 0.21 0.30
t 106 293 104 274 117 274
c 0.62 0.22 0.30
t 117 274 104 274 116 256
c 0.64 0.23 0.30
t 104 274 103 256 116 256
c 0.69 0.24 0.30
t 116 256 103 256 117 237
c 0.70 0.24 0.30
t 103 256 104 237 117 237
c 0.74 0.25 0.30
t 117 237 104 237 119 218
c 0.75 0.25 0.30
t 104 237 106 218 119 218
c 0.79 0.26 0.30
t 119 218 106 218 121 200
c 0.80 0.26 0.30
t 106 218 109 200 121 200
c 0.83 0.27 0.30
t 121 200 109 200 125 182
c 0.84 0.27 0.30
t 109 200 113 182 125 182
c 0.87 0.27 0.30
t 125 182 113 182 130 165
c 0.88 0.28 0.30
t 113 182 119 165 130 165
c 0.90 0.28 0.30
t 130 165 119 165 136 148
c 0.90 0.28 0.30
t 119 165 125 149 136 148
c 0.93 0.29 0.30
t 136 148 125 149 143 133
c 0.93 0.29 0.30
t 125 149 133 134 143 133
c 0.94 0.29 0.30
t 143 133 133 134 151 119
c 0.94 0.29 0.30
t 133 134 141 120 151 119
c 0.95 0.29 0.30
t 151 119 141 120 159 106
c 0.95 0.29 0.30
t 141 120 150 107 159 106
c 0.96 0.29 0.30
t 159 106 150 107 169 94
c 0.95 0.29 0.30
t 150 107 160 95 169 94
c 0.95 0.29 0.30
t 169 94 160 95 178 84
c 0.94 0.29 0.30
t 160 95 171 85 178 84
c 0.94 0.29 0.30
t 178 84 171 85 189 75
c 0.93 0.29 0.30
t 171 85 182 76 189 75
c 0.92 0.28 0.30
t 189 75 182 76 199 68
c 0.91 0.28 0.30
t 182 76 194 69 199 68
c 0.89 0.28 0.30
t 199 68 194 69 210 63
c 0.88 0.28 0.30
t 194 69 206 63 210 63
c 0.86 0.27 0.30
t 210 63 206 63 222 58
c 0.85 0.27 0.30
t 206 63 218 59 222 58
c 0.82 0.26 0.30
t 222 58 218 59 233 56
c 0.81 0.26 0.30
t 218 59 231 56 233 56
c 0.00 0.10 0.30
t 231 455 229 455 218 452
c 0.00 0.10 0.30
t 229 455 215 452 218 452
c 0.00 0.10 0.30
t 218 452 215 452 206 448
c 0.00 0.10 0.30
t 215 452 202 448 206 448
c 0.00 0.10 0.30
t 206 448 202 448 194 442
c 0.00 0.10 0.30
t 202 448 189 442 194 442
c 0.00 0.10 0.30
t 194 442 189 442 182 435
c 0.00 0.10 0.30
t 189 442 176 434 182 435
c 0.00 0.10 0.30
t 182 435 176 434 171 426
c 0.00 0.10 0.30
t 176 434 164 426 171 426
c 0.00 0.10 0.30
t 171 426 164 426 160 416
c 0.00 0.10 0.30
t 164 426 153 415 160 416
c 0.00 0.10 0.30
t 160 416 153 415 150 404
c 0.00 0.10 0.30
t 153 415 142 404 150 404
c 0.00 0.10 0.30
t 150 404 142 404 141 391
c 0.01 0.10 0.30
t 142 404 132 391 141 391
c 0.07 0.11 0.30
t 141 391 132 391 133 377
c 0.09 0.12 0.30
t 132 391 123 377 133 377
c 0.16 0.13 0.30
t 133 377 123 377 125 362
c 0.17 0.13 0.30
t 123 377 115 361 125 362
c 0.24 0.15 0.30
t 125 362 115 361 119 346
c 0.25 0.15 0.30
t 115 361 108 345 119 346
c 0.31 0.16 0.30
t 119 346 108 345 113 329
c 0.33 0.17 0.30
t 108 345 102 328 113 329
c 0.39 0.18 0.30
t 113 329 102 328 109 311
c 0.40 0.18 0.30
t 102 328 98 311 109 311
c 0.46 0.19 0.30
t 109 311 98 311 106 293
c 0.48 0.20 0.30
t 98 311 94 293 106 293
c 0.53 0.21 0.30
t 106 293 94 293 104 274
c 0.54 0.21 0.30
t 94 293 92 274 104 274
c 0.60 0.22 0.30
t 104 274 92 274 103 256
c 0.61 0.22 0.30
t 92 274 92 256 103 256
c 0.66 0.23 0.30
t 103 256 92 256 104 237
c 0.67 0.23 0.30
t 92 256 92 237 104 237
c 0.71 0.24 0.30
t 104 237 92 237 106 218
c 0.72 0.24 0.30
t 92 237 94 218 106 218
c 0.76 0.25 0.30
t 106 218 94 218 109 200
c 0.77 0.25 0.30
t 94 218 98 200 109 200
c 0.81 0.26 0.30
t 109 200 98 200 113 182
c 0.81 0.26 0.30
t 98 200 102 183 113 182
c 0.85 0.27 0.30
t 113 182 102 183 119 165
c 0.85 0.27 0.30
t 102 183 108 166 119 165
c 0.88 0.28 0.30
t 119 165 108 166 125 149
c 0.88 0.28 0.30
t 108 166 115 150 125 149
c 0.90 0.28 0.30
t 125 149 115 150 133 134
c 0.90 0.28 0.30
t 115 150 123 134 133 134
c 0.92 0.28 0.30
t 133 134 123 134 141 120
c 0.92 0.28 0.30
t 123 134 132 120 141 120
c 0.93 0.29 0.30
t 141 120 132 120 150 107
c 0.93 0.29 0.30
t 132 120 142 107 150 107
c 0.94 0.29 0.30
t 150 107 142 107 160 95
c 0.93 0.29 0.30
t 142 107 153 96 160 95
c 0.93 0.29 0.30
t 160 95 153 96 171 85
c 0.93 0.29 0.30
t 153 96 164 85 171 85
c 0.92 0.28 0.30
t 171 85 164 85 182 76
c 0.91 0.28 0.30
t 164 85 176 77 182 76
c 0.91 0.28 0.30
t 182 76 176 77 194 69
c 0.90 0.28 0.30
t 176 77 189 69 194 69
c 0.88 0.28 0.30
t 194 69 189 69 206 63
c 0.87 0.27 0.30
t 189 69 202 63 206 63
c 0.85 0.27 0.30
t 206 63 202 63 218 59
c 0.84 0.27 0.30
t 202 63 215 59 218 59
c 0.82 0.26 0.30
t 218 59 215 59 231 56
c 0.80 0.26 0.30
t 215 59 229 56 231 56
c 0.00 0.10 0.30
t 229 455 227 454 215 452
c 0.00 0.10 0.30
t 227 454 212 452 215 452
c 0.00 0.10 0.30
t 215 452 212 452 202 448
c 0.00 0.10 0.30
t 212 452 198 447 202 448
c 0.00 0.10 0.30
t 202 448 198 447 189 442
c 0.00 0.10 0.30
t 198 447 185 441 189 442
c 0.00 0.10 0.30
t 189 442 185 441 176 434
c 0.00 0.10 0.30
t 185 441 171 434 176 434
c 0.00 0.10 0.30
t 176 434 171 434 164 426
c 0.00 0.10 0.30
t 171 434 158 425 164 426
c 0.00 0.10 0.30
t 164 426 158 425 153 415
c 0.00 0.10 0.30
t 158 425 146 415 153 415
c 0.00 0.10 0.30
t 153 415 146 415 142 404
c 0.00 0.10 0.30
t 146 415 135 403 142 404
c 0.00 0.10 0.30
t 142 404 135 403 132 391
c 0.00 0.10 0.30
t 135 403 124 390 132 391
c 0.05 0.11 0.30
t 132 391 124 390 123 377
c 0.07 0.11 0.30
t 124 390 115 376 123 377
c 0.13 0.13 0.30
t 123 377 115 376 115 361
c 0.14 0.13 0.30
t 115 376 106 361 115 361
c 0.21 0.14 0.30
t 115 361 106 361 108 345
c 0.22 0.14 0.30
t 106 361 99 345 108 345
c 0.28 0.16 0.30
t 108 345 99 345 102 328
c 0.30 0.16 0.30
t 99 345 93 328 102 328
c 0.36 0.17 0.30
t 102 328 93 328 98 311
c 0.37 0.17 0.30
t 93 328 88 310 98 311
c 0.43 0.19 0.30
t 98 311 88 310 94 293
c 0.44 0.19 0.30
t 88 310 84 292 94 293
c 0.50 0.20 0.30
t 94 293 84 292 92 274
c 0.51 0.20 0.30
t 84 292 82 274 92 274
c 0.56 0.21 0.30
t 92 274 82 274 92 256
c 0.57 0.21 0.30
t 82 274 82 256 92 256
c 0.63 0.23 0.30
t 92 256 82 256 92 237
c 0.63 0.23 0.30
t 82 256 82 237 92 237
c 0.68 0.24 0.30
t 92 237 82 237 94 218
c 0.69 0.24 0.30
t 82 237 84 219 94 218
c 0.73 0.25 0.30
t 94 218 84 219 98 200
c 0.74 0.25 0.30
t 84 219 88 201 98 200
c 0.78 0.26 0.30
t 98 200 88 201 102 183
c 0.78 0.26 0.30
t 88 201 93 183 102 183
c 0.82 0.26 0.30
t 102 183 93 183 108 166
c 0.82 0.26 0.30
t 93 183 99 166 108 166
c 0.85 0.27 0.30
t 108 166 99 166 115 150
c 0.85 0.27 0.30
t 99 166 106 150 115 150
c 0.88 0.28 0.30
t 115 150 106 150 123 134
c 0.87 0.27 0.30
t 106 150 115 135 123 134
c 0.90 0.28 0.30
t 123 134 115 135 132 120
c 0.89 0.28 0.30
t 115 135 124 121 132 120
c 0.91 0.28 0.30
t 132 120 124 121 142 107
c 0.90 0.28 0.30
t 124 121 135 108 142 107
c 0.92 0.28 0.30
t 142 107 135 108 153 96
c 0.91 0.28 0.30
t 135 108 146 96 153 96
c 0.91 0.28 0.30
t 153 96 146 96 164 85
c 0.91 0.28 0.30
t 146 96 158 86 164 85
c 0.91 0.28 0.30
t 164 85 158 86 176 77
c 0.90 0.28 0.30
t 158 86 171 77 176 77
c 0.89 0.28 0.30
t 176 77 171 77 189 69
c 0.88 0.28 0.30
t 171 77 185 70 189 69
c 0.87 0.27 0.30
t 189 69 185 70 202 63
c 0.86 0.27 0.30
t 185 70 198 64 202 63
c 0.84 0.27 0.30
t 202 63 198 64 215 59
c 0.83 0.27 0.30
t 198 64 212 59 215 59
c 0.81 0.26 0.30
t 215 59 212 59 229 56
c 0.79 0.26 0.30
t 212 59 227 57 229 56
c 0.00 0.10 0.30
t 227 454 225 454 212 452
c 0.00 0.10 0.30
t 225 454 210 451 212 452
c 0.00 0.10 0.30
t 212 452 210 451 198 447
c 0.00 0.10 0.30
t 210 451 195 447 198 447
c 0.00 0.10 0.30
t 198 447 195 447 185 441
c 0.00 0.10 0.30
t 195 447 181 441 185 441
c 0.00 0.10 0.30
t 185 441 181 441 171 434
c 0.00 0.10 0.30
t 181 441 167 433 171 434
c 0.00 0.10 0.30
t 171 434 167 433 158 425
c 0.00 0.10 0.30
t 167 433 153 424 158 425
c 0.00 0.10 0.30
t 158 425 153 424 146 415
c 0.00 0.10 0.30
t 153 424 140 414 146 415
c 0.00 0.10 0.30
t 146 415 140 414 135 403
c 0.00 0.10 0.30
t 140 414 129 402 135 403
c 0.00 0.10 0.30
t 135 403 129 402 124 390
c 0.00 0.10 0.30
t 129 402 118 389 124 390
c 0.02 0.10 0.30
t 124 390 118 389 115 376
c 0.04 0.11 0.30
t 118 389 108 375 115 376
c 0.10 0.12 0.30
t 115 376 108 375 106 361
c 0.11 0.12 0.30
t 108 375 99 360 106 361
c 0.17 0.13 0.30
t 106 361 99 360 99 345
c 0.19 0.14 0.30
t 99 360 91 344 99 345
c 0.25 0.15 0.30
t 99 345 91 344 93 328
c 0.26 0.15 0.30
t 91 344 85 327 93 328
c 0.32 0.16 0.30
t 93 328 85 327 88 310
c 0.34 0.17 0.30
t 85 327 80 310 88 310
c 0.40 0.18 0.30
t 88 310 80 310 84 292
c 0.41 0.18 0.30
t 80 310 76 292 84 292
c 0.46 0.19 0.30
t 84 292 76 292 82 274
c 0.47 0.19 0.30
t 76 292 74 274 82 274
c 0.53 0.21 0.30
t 82 274 74 274 82 256
c 0.54 0.21 0.30
t 74 274 73 256 82 256
c 0.59 0.22 0.30
t 82 256 73 256 82 237
c 0.59 0.22 0.30
t 73 256 74 237 82 237
c 0.64 0.23 0.30
t 82 237 74 237 84 219
c 0.65 0.23 0.30
t 74 237 76 219 84 219
c 0.70 0.24 0.30
t 84 219 76 219 88 201
c 0.70 0.24 0.30
t 76 219 80 201 88 201
c 0.74 0.25 0.30
t 88 201 80 201 93 183
c 0.74 0.25 0.30
t 80 201 85 184 93 183
c 0.78 0.26 0.30
t 93 183 85 184 99 166
c 0.78 0.26 0.30
t 85 184 91 167 99 166
c 0.82 0.26 0.30
t 99 166 91 167 106 150
c 0.82 0.26 0.30
t 91 167 99 151 106 150
c 0.85 0.27 0.30
t 106 150 99 151 115 135
c 0.84 0.27 0.30
t 99 151 108 136 115 135
c 0.87 0.27 0.30
t 115 135 108 136 124 121
c 0.86 0.27 0.30
t 108 136 118 122 124 121
c 0.88 0.28 0.30
t 124 121 118 122 135 108
c 0.88 0.28 0.30
t 118 122 129 109 135 108
c 0.89 0.28 0.30
t 135 108 129 109 146 96
c 0.88 0.28 0.30
t 129 109 140 97 146 96
c 0.89 0.28 0.30
t 146 96 140 97 158 86
c 0.88 0.28 0.30
t 140 97 153 87 158 86
c 0.89 0.28 0.30
t 158 86 153 87 171 77
c 0.88 0.28 0.30
t 153 87 167 78 171 77
c 0.87 0.27 0.30
t 171 77 167 78 185 70
c 0.86 0.27 0.30
t 167 78 181 70 185 70
c 0.86 0.27 0.30
t 185 70 181 70 198 64
c 0.84 0.27 0.30
t 181 70 195 64 198 64
c 0.83 0.27 0.30
t 198 64 195 64 212 59
c 0.82 0.26 0.30
t 195 64 210 60 212 59
c 0.80 0.26 0.30
t 212 59 210 60 227 57
c 0.79 0.26 0.30
t 210 60 225 57 227 57
c 0.00 0.10 0.30
t 225 454 224 454 210 451
c 0.00 0.10 0.30
t 224 454 208 451 210 451
c 0.00 0.10 0.30
t 210 451 208 451 195 447
c 0.00 0.10 0.30
t 208 451 193 446 195 447
c 0.00 0.10 0.30
t 195 447 193 446 181 441
c 0.00 0.10 0.30
t 193 446 178 440 181 441
c 0.00 0.10 0.30
t 181 441 178 440 167 433
c 0.00 0.10 0.30
t 178 440 163 432 167 433
c 0.00 0.10 0.30
t 167 433 163 432 153 424
c 0.00 0.10 0.30
t 163 432 149 423 153 424
c 0.00 0.10 0.30
t 153 424 149 423 140 414
c 0.00 0.10 0.30
t 149 423 136 413 140 414
c 0.00 0.10 0.30
t 140 414 136 413 129 402
c 0.00 0.10 0.30
t 136 413 123 401 129 402
c 0.00 0.10 0.30
t 129 402 123 401 118 389
c 0.00 0.10 0.30
t 123 401 112 388 118 389
c 0.00 0.10 0.30
t 118 389 112 388 108 375
c 0.00 0.10 0.30
t 112 388 102 374 108 375
c 0.06 0.11 0.30
t 108 375 102 374 99 360
c 0.08 0.12 0.30
t 102 374 93 359 99 360
c 0.14 0.13 0.30
t 99 360 93 359 91 344
c 0.15 0.13 0.30
t 93 359 85 343 91 344
c 0.21 0.14 0.30
t 91 344 85 343 85 327
c 0.22 0.14 0.30
t 85 343 78 327 85 327
c 0.28 0.16 0.30
t 85 327 78 327 80 310
c 0.29 0.16 0.30
t 78 327 73 309 80 310
c 0.35 0.17 0.30
t 80 310 73 309 76 292
c 0.36 0.17 0.30
t 73 309 69 292 76 292
c 0.42 0.18 0.30
t 76 292 69 292 74 274
c 0.43 0.19 0.30
t 69 292 67 274 74 274
c 0.49 0.20 0.30
t 74 274 67 274 73 256
c 0.49 0.20 0.30
t 67 274 66 256 73 256
c 0.55 0.21 0.30
t 73 256 66 256 74 237
c 0.55 0.21 0.30
t 66 256 67 237 74 237
c 0.60 0.22 0.30
t 74 237 67 237 76 219
c 0.61 0.22 0.30
t 67 237 69 219 76 219
c 0.66 0.23 0.30
t 76 219 69 219 80 201
c 0.66 0.23 0.30
t 69 219 73 202 80 201
c 0.70 0.24 0.30
t 80 201 73 202 85 184
c 0.70 0.24 0.30
t 73 202 78 184 85 184
c 0.74 0.25 0.30
t 85 184 78 184 91 167
c 0.74 0.25 0.30
t 78 184 85 168 91 167
c 0.78 0.26 0.30
t 91 167 85 168 99 151
c 0.78 0.26 0.30
t 85 168 93 152 99 151
c 0.81 0.26 0.30
t 99 151 93 152 108 136
c 0.81 0.26 0.30
t 93 152 102 137 108 136
c 0.83 0.27 0.30
t 108 136 102 137 118 122
c 0.83 0.27 0.30
t 102 137 112 123 118 122
c 0.85 0.27 0.30
t 118 122 112 123 129 109
c 0.84 0.27 0.30
t 112 123 123 110 129 109
c 0.86 0.27 0.30
t 129 109 123 110 140 97
c 0.85 0.27 0.30
t 123 110 136 98 140 97
c 0.87 0.27 0.30
t 140 97 136 98 153 87
c 0.86 0.27 0.30
t 136 98 149 88 153 87
c 0.86 0.27 0.30
t 153 87 149 88 167 78
c 0.85 0.27 0.30
t 149 88 163 79 167 78
c 0.86 0.27 0.30
t 167 78 163 79 181 70
c 0.84 0.27 0.30
t 163 79 178 71 181 70
c 0.84 0.27 0.30
t 181 70 178 71 195 64
c 0.83 0.27 0.30
t 178 71 193 65 195 64
c 0.82 0.26 0.30
t 195 64 193 65 210 60
c 0.81 0.26 0.30
t 193 65 208 60 210 60
c 0.79 0.26 0.30
t 210 60 208 60 225 57
c 0.78 0.26 0.30
t 208 60 224 57 225 57
c 0.00 0.10 0.30
t 208 451 206 450 193 446
c 0.00 0.10 0.30
t 206 450 190 446 193 446
c 0.00 0.10 0.30
t 193 446 190 446 178 440
c 0.00 0.10 0.30
t 190 446 175 439 178 440
c 0.00 0.10 0.30
t 178 440 175 439 163 432
c 0.00 0.10 0.30
t 175 439 160 432 163 432
c 0.00 0.10 0.30
t 163 432 160 432 149 423
c 0.00 0.10 0.30
t 160 432 146 423 149 423
c 0.00 0.10 0.30
t 149 423 146 423 136 413
c 0.00 0.10 0.30
t 146 423 132 412 136 413
c 0.00 0.10 0.30
t 136 413 132 412 123 401
c 0.00 0.10 0.30
t 132 412 119 400 123 401
c 0.00 0.10 0.30
t 123 401 119 400 112 388
c 0.00 0.10 0.30
t 119 400 108 388 112 388
c 0.00 0.10 0.30
t 112 388 108 388 102 374
c 0.00 0.10 0.30
t 108 388 97 374 102 374
c 0.03 0.11 0.30
t 102 374 97 374 93 359
c 0.04 0.11 0.30
t 97 374 88 359 93 359
c 0.10 0.12 0.30
t 93 359 88 359 85 343
c 0.11 0.12 0.30
t 88 359 80 343 85 343
c 0.17 0.13 0.30
t 85 343 80 343 78 327
c 0.18 0.14 0.30
t 80 343 73 326 78 327
c 0.24 0.15 0.30
t 78 327 73 326 73 309
c 0.25 0.15 0.30
t 73 326 68 309 73 309
c 0.31 0.16 0.30
t 73 309 68 309 69 292
c 0.32 0.16 0.30
t 68 309 64 291 69 292
c 0.38 0.18 0.30
t 69 292 64 291 67 274
c 0.38 0.18 0.30
t 64 291 62 274 67 274
c 0.44 0.19 0.30
t 67 274 62 274 66 256
c 0.45 0.19 0.30
t 62 274 61 256 66 256
c 0.50 0.20 0.30
t 66 256 61 256 67 237
c 0.51 0.20 0.30
t 61 256 62 237 67 237
c 0.56 0.21 0.30
t 67 237 62 237 69 219
c 0.56 0.21 0.30
t 62 237 64 220 69 219
c 0.61 0.22 0.30
t 69 219 64 220 73 202
c 0.61 0.22 0.30
t 64 220 68 202 73 202
c 0.66 0.23 0.30
t 73 202 68 202 78 184
c 0.66 0.23 0.30
t 68 202 73 185 78 184
c 0.70 0.24 0.30
t 78 184 73 185 85 168
c 0.70 0.24 0.30
t 73 185 80 168 85 168
c 0.74 0.25 0.30
t 85 168 80 168 93 152
c 0.74 0.25 0.30
t 80 168 88 152 93 152
c 0.77 0.25 0.30
t 93 152 88 152 102 137
c 0.77 0.25 0.30
t 88 152 97 137 102 137
c 0.80 0.26 0.30
t 102 137 97 137 112 123
c 0.79 0.26 0.30
t 97 137 108 123 112 123
c 0.82 0.26 0.30
t 112 123 108 123 123 110
c 0.81 0.26 0.30
t 108 123 119 111 123 110
c 0.83 0.27 0.30
t 123 110 119 111 136 98
c 0.82 0.26 0.30
t 119 111 132 99 136 98
c 0.84 0.27 0.30
t 136 98 132 99 149 88
c 0.83 0.27 0.30
t 132 99 146 88 149 88
c 0.84 0.27 0.30
t 149 88 146 88 163 79
c 0.83 0.27 0.30
t 146 88 160 79 163 79
c 0.83 0.27 0.30
t 163 79 160 79 178 71
c 0.82 0.26 0.30
t 160 79 175 72 178 71
c 0.82 0.26 0.30
t 178 71 175 72 193 65
c 0.81 0.26 0.30
t 175 72 190 65 193 65
c 0.80 0.26 0.30
t 193 65 190 65 208 60
c 0.79 0.26 0.30
t 190 65 206 61 208 60
c 0.00 0.10 0.30
t 190 446 189 445 175 439
c 0.00 0.10 0.30
t 189 445 173 439 175 439
c 0.00 0.10 0.30
t 175 439 173 439 160 432
c 0.00 0.10 0.30
t 173 439 158 431 160 432
c 0.00 0.10 0.30
t 160 432 158 431 146 423
c 0.00 0.10 0.30
t 158 431 143 422 146 423
c 0.00 0.10 0.30
t 146 423 143 422 132 412
c 0.00 0.10 0.30
t 143 422 129 411 132 412
c 0.00 0.10 0.30
t 132 412 129 411 119 400
c 0.00 0.10 0.30
t 129 411 116 400 119 400
c 0.00 0.10 0.30
t 119 400 116 400 108 388
c 0.00 0.10 0.30
t 116 400 105 387 108 388
c 0.00 0.10 0.30
t 108 388 105 387 97 374
c 0.00 0.10 0.30
t 105 387 94 373 97 374
c 0.00 0.10 0.30
t 97 374 94 373 88 359
c 0.00 0.10 0.30
t 94 373 84 358 88 359
c 0.06 0.11 0.30
t 88 359 84 358 80 343
c 0.06 0.11 0.30
t 84 358 76 342 80 343
c 0.13 0.13 0.30
t 80 343 76 342 73 326
c 0.13 0.13 0.30
t 76 342 69 326 73 326
c 0.20 0.14 0.30
t 73 326 69 326 68 309
c 0.20 0.14 0.30
t 69 326 64 309 68 309
c 0.26 0.15 0.30
t 68 309 64 309 64 291
c 0.27 0.15 0.30
t 64 309 60 291 64 291
c 0.33 0.17 0.30
t 64 291 60 291 62 274
c 0.33 0.17 0.30
t 60 291 58 273 62 274
c 0.39 0.18 0.30
t 62 274 58 273 61 256
c 0.40 0.18 0.30
t 58 273 57 256 61 256
c 0.45 0.19 0.30
t 61 256 57 256 62 237
c 0.46 0.19 0.30
t 57 256 58 238 62 237
c 0.51 0.20 0.30
t 62 237 58 238 64 220
c 0.51 0.20 0.30
t 58 238 60 220 64 220
c 0.56 0.21 0.30
t 64 220 60 220 68 202
c 0.56 0.21 0.30
t 60 220 64 202 68 202
c 0.61 0.22 0.30
t 68 202 64 202 73 185
c 0.61 0.22 0.30
t 64 202 69 185 73 185
c 0.66 0.23 0.30
t 73 185 69 185 80 168
c 0.65 0.23 0.30
t 69 185 76 169 80 168
c 0.70 0.24 0.30
t 80 168 76 169 88 152
c 0.69 0.24 0.30
t 76 169 84 153 88 152
c 0.73 0.25 0.30
t 88 152 84 153 97 137
c 0.73 0.25 0.30
t 84 153 94 138 97 137
c 0.76 0.25 0.30
t 97 137 94 138 108 123
c 0.75 0.25 0.30
t 94 138 105 124 108 123
c 0.78 0.26 0.30
t 108 123 105 124 119 111
c 0.77 0.25 0.30
t 105 124 116 111 119 111
c 0.80 0.26 0.30
t 119 111 116 111 132 99
c 0.79 0.26 0.30
t 116 111 129 100 132 99
c 0.81 0.26 0.30
t 132 99 129 100 146 88
c 0.80 0.26 0.30
t 129 100 143 89 146 88
c 0.81 0.26 0.30
t 146 88 143 89 160 79
c 0.80 0.26 0.30
t 143 89 158 80 160 79
c 0.81 0.26 0.30
t 160 79 158 80 175 72
c 0.80 0.26 0.30
t 158 80 173 72 175 72
c 0.80 0.26 0.30
t 175 72 173 72 190 65
c 0.79 0.26 0.30
t 173 72 189 66 190 65
c 0.00 0.10 0.30
t 173 439 172 438 158 431
c 0.00 0.10 0.30
t 172 438 156 430 158 431
c 0.00 0.10 0.30
t 158 431 156 430 143 422
c 0.00 0.10 0.30
t 156 430 141 421 143 422
c 0.00 0.10 0.30
t 143 422 141 421 129 411
c 0.00 0.10 0.30
t 141 421 127 410 129 411
c 0.00 0.10 0.30
t 129 411 127 410 116 400
c 0.00 0.10 0.30
t 127 410 114 399 116 400
c 0.00 0.10 0.30
t 116 400 114 399 105 387
c 0.00 0.10 0.30
t 114 399 103 386 105 387
c 0.00 0.10 0.30
t 105 387 103 386 94 373
c 0.00 0.10 0.30
t 103 386 92 372 94 373
c 0.00 0.10 0.30
t 94 373 92 372 84 358
c 0.00 0.10 0.30
t 92 372 82 357 84 358
c 0.01 0.10 0.30
t 84 358 82 357 76 342
c 0.02 0.10 0.30
t 82 357 74 341 76 342
c 0.08 0.12 0.30
t 76 342 74 341 69 326
c 0.08 0.12 0.30
t 74 341 67 325 69 326
c 0.15 0.13 0.30
t 69 326 67 325 64 309
c 0.15 0.13 0.30
t 67 325 62 308 64 309
c 0.21 0.14 0.30
t 64 309 62 308 60 291
c 0.22 0.14 0.30
t 62 308 58 291 60 291
c 0.28 0.16 0.30
t 60 291 58 291 58 273
c 0.28 0.16 0.30
t 58 291 56 273 58 273
c 0.34 0.17 0.30
t 58 273 56 273 57 256
c 0.34 0.17 0.30
t 56 273 55 256 57 256
c 0.40 0.18 0.30
t 57 256 55 256 58 238
c 0.40 0.18 0.30
t 55 256 56 238 58 238
c 0.46 0.19 0.30
t 58 238 56 238 60 220
c 0.46 0.19 0.30
t 56 238 58 220 60 220
c 0.51 0.20 0.30
t 60 220 58 220 64 202
c 0.51 0.20 0.30
t 58 220 62 203 64 202
c 0.56 0.21 0.30
t 64 202 62 203 69 185
c 0.56 0.21 0.30
t 62 203 67 186 69 185
c 0.61 0.22 0.30
t 69 185 67 186 76 169
c 0.61 0.22 0.30
t 67 186 74 170 76 169
c 0.65 0.23 0.30
t 76 169 74 170 84 153
c 0.65 0.23 0.30
t 74 170 82 154 84 153
c 0.69 0.24 0.30
t 84 153 82 154 94 138
c 0.68 0.24 0.30
t 82 154 92 139 94 138
c 0.72 0.24 0.30
t 94 138 92 139 105 124
c 0.71 0.24 0.30
t 92 139 103 125 105 124
c 0.74 0.25 0.30
t 105 124 103 125 116 111
c 0.74 0.25 0.30
t 103 125 114 112 116 111
c 0.76 0.25 0.30
t 116 111 114 112 129 100
c 0.75 0.25 0.30
t 114 112 127 101 129 100
c 0.78 0.26 0.30
t 129 100 127 101 143 89
c 0.77 0.25 0.30
t 127 101 141 90 143 89
c 0.78 0.26 0.30
t 143 89 141 90 158 80
c 0.78 0.26 0.30
t 141 90 156 81 158 80
c 0.79 0.26 0.30
t 158 80 156 81 173 72
c 0.78 0.26 0.30
t 156 81 172 73 173 72
c 0.00 0.10 0.30
t 103 386 102 385 92 372
c 0.00 0.10 0.30
t 102 385 91 371 92 372
c 0.00 0.10 0.30
t 92 372 91 371 82 357
c 0.00 0.10 0.30
t 91 371 82 356 82 357
c 0.00 0.10 0.30
t 82 357 82 356 74 341
c 0.00 0.10 0.30
t 82 356 73 341 74 341
c 0.03 0.11 0.30
t 74 341 73 341 67 325
c 0.03 0.11 0.30
t 73 341 67 324 67 325
c 0.09 0.12 0.30
t 67 325 67 324 62 308
c 0.10 0.12 0.30
t 67 324 61 308 62 308
c 0.16 0.13 0.30
t 62 308 61 308 58 291
c 0.16 0.13 0.30
t 61 308 58 291 58 291
c 0.22 0.14 0.30
t 58 291 58 291 56 273
c 0.23 0.15 0.30
t 58 291 55 273 56 273
c 0.29 0.16 0.30
t 56 273 55 273 55 256
c 0.29 0.16 0.30
t 55 273 55 256 55 256
c 0.35 0.17 0.30
t 55 256 55 256 56 238
c 0.35 0.17 0.30
t 55 256 55 238 56 238
c 0.40 0.18 0.30
t 56 238 55 238 58 220
c 0.40 0.18 0.30
t 55 238 58 220 58 220
c 0.46 0.19 0.30
t 58 220 58 220 62 203
c 0.46 0.19 0.30
t 58 220 61 203 62 203
c 0.51 0.20 0.30
t 62 203 61 203 67 186
c 0.51 0.20 0.30
t 61 203 67 187 67 186
c 0.56 0.21 0.30
t 67 186 67 187 74 170
c 0.55 0.21 0.30
t 67 187 73 170 74 170
c 0.60 0.22 0.30
t 74 170 73 170 82 154
c 0.60 0.22 0.30
t 73 170 82 155 82 154
c 0.64 0.23 0.30
t 82 154 82 155 92 139
c 0.63 0.23 0.30
t 82 155 91 140 92 139
c 0.67 0.23 0.30
t 92 139 91 140 103 125
c 0.67 0.23 0.30
t 91 140 102 126 103 125
